242 9613
1 2
1 4
1 8
1 9
1 10
1 12
1 14
1 15
1 16
1 17
1 21
1 22
1 23
1 25
1 26
1 30
1 31
1 33
1 34
1 35
1 38
1 39
1 44
1 49
1 50
1 52
1 54
1 56
1 57
1 58
1 59
1 60
1 64
1 66
1 67
1 71
1 72
1 81
1 82
1 83
1 85
1 87
1 89
1 92
1 101
1 102
1 106
1 108
1 113
1 114
1 119
1 121
1 122
1 123
1 124
1 129
1 131
1 133
1 135
1 136
1 137
1 138
1 140
1 141
1 143
1 147
1 148
1 149
1 150
1 151
1 153
1 154
1 155
1 157
1 158
3 9
3 12
3 13
3 22
3 24
3 25
3 26
3 27
3 28
3 30
3 31
3 162
3 32
3 33
3 36
3 37
3 38
3 41
3 45
3 46
3 164
3 51
3 52
3 53
3 168
3 169
3 58
3 171
3 61
3 62
3 63
3 64
3 65
3 66
3 67
3 69
3 71
3 73
3 76
3 77
3 79
3 173
3 81
3 83
3 84
3 85
3 86
3 88
3 90
3 175
3 91
3 92
3 93
3 94
3 99
3 102
3 103
3 104
3 105
3 106
3 176
3 107
3 109
3 110
3 178
3 113
3 115
3 116
3 179
3 118
3 120
3 180
3 125
3 127
3 128
3 129
3 131
3 132
3 182
3 134
3 135
3 183
3 136
3 138
3 140
3 148
3 152
3 153
3 154
3 155
3 157
4 6
4 7
4 8
4 9
4 13
4 15
4 17
4 18
4 23
4 25
4 30
4 31
4 163
4 41
4 42
4 46
4 164
4 48
4 49
4 52
4 53
4 56
4 58
4 60
4 62
4 63
4 64
4 65
4 66
4 67
4 72
4 74
4 75
4 77
4 78
4 79
4 173
4 81
4 88
4 89
4 92
4 94
4 96
4 98
4 101
4 103
4 104
4 105
4 108
4 116
4 122
4 125
4 129
4 130
4 132
4 133
4 135
4 137
4 139
4 141
4 144
4 148
4 149
4 150
4 153
4 186
4 155
4 194
4 156
4 187
4 158
2 7
2 12
2 15
2 18
2 31
2 35
2 40
2 44
2 52
2 55
2 60
2 63
2 66
2 68
2 74
2 75
2 78
2 82
2 104
2 105
2 110
2 115
2 119
2 128
2 131
2 138
2 146
2 149
2 151
2 154
2 194
2 159
159 195
5 159
6 159
11 159
12 159
14 159
159 196
16 159
17 159
19 159
159 198
21 159
25 159
26 159
31 159
159 162
33 159
35 159
159 163
43 159
44 159
46 159
48 159
49 159
159 199
52 159
159 202
159 171
62 159
65 159
70 159
72 159
73 159
74 159
79 159
159 173
83 159
89 159
91 159
92 159
95 159
102 159
159 204
106 159
107 159
111 159
159 209
116 159
159 210
118 159
119 159
123 159
159 181
127 159
128 159
129 159
131 159
159 182
133 159
134 159
136 159
138 159
141 159
142 159
159 213
159 185
144 159
146 159
151 159
154 159
159 186
155 159
156 159
159 188
157 159
158 159
7 195
5 7
7 10
7 11
7 15
7 16
7 161
7 18
7 19
7 215
7 21
7 22
7 26
7 27
7 28
7 31
7 162
7 32
7 33
7 163
7 38
7 39
7 40
7 41
7 42
7 43
7 44
7 45
7 46
7 164
7 166
7 52
7 167
7 54
7 56
7 58
7 59
7 171
7 172
7 63
7 64
7 66
7 67
7 76
7 79
7 173
7 174
7 83
7 84
7 85
7 86
7 87
7 88
7 89
7 90
7 175
7 94
7 99
7 100
7 101
7 102
7 103
7 104
7 192
7 105
7 106
7 107
7 108
7 110
7 178
7 113
7 116
7 120
7 180
7 121
7 124
7 126
7 181
7 128
7 134
7 137
7 138
7 140
7 141
7 184
7 185
7 145
7 149
7 150
7 154
7 186
7 155
7 194
7 157
7 158
5 8
5 12
5 14
5 160
5 27
5 31
5 32
5 37
5 39
5 40
5 46
5 189
5 49
5 51
5 52
5 53
5 54
5 170
5 58
5 60
5 172
5 61
5 64
5 65
5 69
5 71
5 73
5 82
5 88
5 90
5 92
5 95
5 222
5 99
5 101
5 102
5 104
5 205
5 105
5 107
5 108
5 208
5 110
5 209
5 115
5 116
5 180
5 223
5 217
5 121
5 124
5 128
5 131
5 133
5 193
5 137
5 138
5 139
5 144
5 147
5 150
5 152
8 10
8 14
8 160
8 17
8 18
8 215
8 198
8 21
8 22
8 23
8 24
8 26
8 162
8 32
8 33
8 226
8 34
8 36
8 37
8 163
8 219
8 38
8 43
8 45
8 46
8 47
8 165
8 189
8 49
8 50
8 52
8 53
8 55
8 170
8 57
8 59
8 60
8 172
8 61
8 62
8 64
8 65
8 66
8 70
8 190
8 73
8 74
8 76
8 77
8 78
8 79
8 80
8 173
8 84
8 85
8 87
8 90
8 91
8 96
8 98
8 191
8 222
8 102
8 204
8 103
8 206
8 216
8 105
8 106
8 107
8 108
8 228
8 208
8 109
8 230
8 110
8 209
8 115
8 116
8 179
8 210
8 212
8 180
8 121
8 123
8 124
8 125
8 128
8 129
8 130
8 182
8 134
8 193
8 138
8 141
8 184
8 213
8 143
8 146
8 148
8 149
8 151
8 152
8 153
8 233
8 154
8 186
8 194
8 156
8 187
8 188
8 157
8 158
9 224
9 195
6 9
9 13
9 15
9 160
9 161
9 19
9 22
9 23
9 225
9 24
9 25
9 26
9 27
9 30
9 31
9 162
9 32
9 33
9 34
9 35
9 37
9 163
9 219
9 38
9 41
9 42
9 44
9 45
9 46
9 47
9 164
9 165
9 50
9 166
9 51
9 52
9 200
9 54
9 168
9 55
9 170
9 56
9 58
9 202
9 59
9 221
9 60
9 172
9 203
9 62
9 63
9 64
9 69
9 70
9 71
9 190
9 73
9 76
9 77
9 81
9 82
9 86
9 89
9 93
9 94
9 222
9 99
9 103
9 104
9 206
9 216
9 105
9 106
9 107
9 228
9 208
9 109
9 110
9 178
9 113
9 210
9 117
9 118
9 119
9 120
9 180
9 223
9 231
9 121
9 122
9 123
9 125
9 126
9 127
9 128
9 129
9 130
9 131
9 182
9 135
9 183
9 137
9 138
9 140
9 213
9 143
9 146
9 147
9 232
9 148
9 152
9 153
9 154
9 155
9 194
9 157
13 15
13 198
13 22
13 23
13 24
13 25
13 28
13 30
13 32
13 33
13 35
13 41
13 42
13 47
13 48
13 49
13 52
13 54
13 168
13 59
13 63
13 64
13 66
13 70
13 71
13 76
13 78
13 79
13 80
13 173
13 81
13 82
13 85
13 89
13 92
13 94
13 95
13 98
13 99
13 101
13 204
13 103
13 106
13 229
13 111
13 113
13 115
13 117
13 124
13 128
13 129
13 130
13 131
13 132
13 133
13 135
13 137
13 138
13 143
13 147
13 151
13 152
13 194
13 158
10 192
18 192
32 192
33 192
35 192
38 192
52 192
62 192
71 192
73 192
96 192
192 205
111 192
112 192
113 192
128 192
135 192
137 192
141 192
154 192
155 192
158 192
6 11
6 12
6 14
6 15
6 198
6 21
6 22
6 23
6 25
6 35
6 37
6 163
6 38
6 39
6 40
6 41
6 42
6 44
6 47
6 164
6 48
6 51
6 53
6 54
6 56
6 57
6 63
6 64
6 65
6 67
6 71
6 73
6 76
6 80
6 82
6 83
6 84
6 85
6 88
6 89
6 92
6 99
6 101
6 102
6 205
6 192
6 105
6 107
6 227
6 110
6 111
6 178
6 114
6 116
6 117
6 118
6 119
6 126
6 181
6 130
6 131
6 132
6 133
6 134
6 135
6 137
6 140
6 141
6 185
6 143
6 144
6 145
6 149
6 154
10 14
10 16
10 18
10 29
10 32
10 33
10 41
10 42
10 44
10 46
10 51
10 200
10 62
10 64
10 68
10 69
10 70
10 71
10 190
10 77
10 83
10 95
10 96
10 222
10 205
10 106
10 107
10 108
10 111
10 112
10 116
10 180
10 217
10 124
10 125
10 128
10 131
10 135
10 193
10 138
10 213
10 145
10 151
10 154
10 155
10 156
10 158
11 15
11 196
11 17
11 18
11 25
11 30
11 33
11 226
11 36
11 37
11 38
11 39
11 40
11 46
11 48
11 49
11 220
11 52
11 53
11 55
11 170
11 56
11 57
11 58
11 60
11 203
11 62
11 63
11 67
11 71
11 72
11 73
11 79
11 173
11 174
11 82
11 83
11 86
11 87
11 88
11 89
11 90
11 175
11 91
11 94
11 95
11 96
11 98
11 204
11 103
11 205
11 206
11 176
11 107
11 109
11 111
11 114
11 209
11 115
11 117
11 118
11 119
11 120
11 212
11 223
11 126
11 127
11 128
11 129
11 131
11 182
11 183
11 136
11 141
11 185
11 144
11 232
11 148
11 151
11 152
11 153
11 155
11 194
11 188
11 157
11 158
12 195
12 14
12 15
12 16
12 17
12 161
12 18
12 19
12 215
12 21
12 22
12 26
12 27
12 30
12 31
12 32
12 36
12 163
12 38
12 40
12 41
12 42
12 45
12 46
12 47
12 164
12 189
12 49
12 220
12 50
12 51
12 200
12 55
12 56
12 57
12 221
12 63
12 64
12 68
12 71
12 72
12 74
12 79
12 173
12 81
12 82
12 83
12 84
12 86
12 87
12 88
12 89
12 90
12 175
12 91
12 92
12 93
12 94
12 96
12 98
12 100
12 101
12 103
12 106
12 107
12 108
12 229
12 110
12 111
12 178
12 115
12 117
12 120
12 126
12 127
12 128
12 129
12 130
12 131
12 182
12 133
12 134
12 193
12 137
12 138
12 140
12 141
12 184
12 143
12 144
12 145
12 150
12 151
12 153
12 154
12 186
12 155
12 156
12 187
15 224
15 196
15 16
15 18
15 20
15 215
15 21
15 23
15 26
15 29
15 30
15 33
15 34
15 35
15 36
15 163
15 41
15 42
15 164
15 165
15 49
15 220
15 50
15 199
15 51
15 52
15 200
15 168
15 55
15 57
15 58
15 202
15 171
15 172
15 61
15 236
15 62
15 63
15 64
15 65
15 69
15 71
15 72
15 73
15 74
15 75
15 77
15 173
15 174
15 82
15 83
15 84
15 86
15 87
15 88
15 90
15 175
15 91
15 92
15 94
15 95
15 96
15 97
15 222
15 99
15 102
15 103
15 104
15 206
15 105
15 106
15 107
15 237
15 229
15 110
15 111
15 114
15 209
15 115
15 179
15 117
15 119
15 120
15 231
15 123
15 124
15 126
15 127
15 128
15 129
15 130
15 131
15 182
15 135
15 137
15 138
15 139
15 140
15 213
15 185
15 143
15 144
15 145
15 147
15 148
15 151
15 152
15 233
15 234
15 154
15 186
15 155
15 194
15 187
15 188
15 158
24 195
14 24
16 24
17 24
18 24
19 24
24 198
22 24
24 26
24 27
24 28
24 34
24 35
24 36
24 38
24 40
24 41
24 42
24 43
24 46
24 164
24 48
24 220
24 201
24 167
24 168
24 55
24 170
24 56
24 58
24 172
24 62
24 64
24 65
24 66
24 70
24 72
24 190
24 73
24 74
24 75
24 76
24 77
24 79
24 80
24 82
24 83
24 84
24 85
24 87
24 88
24 89
24 90
24 95
24 103
24 105
24 110
24 112
24 113
24 114
24 179
24 118
24 119
24 122
24 123
24 181
24 127
24 129
24 130
24 182
24 135
24 183
24 137
24 138
24 139
24 141
24 184
24 143
24 146
24 151
24 154
24 186
24 157
14 160
14 18
14 19
14 20
14 25
14 26
14 27
14 28
14 32
14 33
14 226
14 36
14 37
14 38
14 40
14 45
14 46
14 52
14 200
14 170
14 58
14 60
14 236
14 63
14 65
14 66
14 67
14 68
14 69
14 70
14 190
14 75
14 76
14 81
14 174
14 82
14 83
14 88
14 95
14 96
14 222
14 100
14 101
14 102
14 205
14 206
14 216
14 105
14 208
14 110
14 112
14 209
14 119
14 223
14 122
14 181
14 127
14 130
14 131
14 133
14 134
14 135
14 238
14 183
14 137
14 138
14 139
14 141
14 184
14 185
14 144
14 145
14 149
14 152
14 155
14 194
1 160
19 160
27 160
32 160
33 160
160 226
35 160
36 160
40 160
42 160
45 160
160 189
51 160
52 160
160 169
160 170
58 160
59 160
60 160
61 160
62 160
65 160
66 160
70 160
75 160
76 160
77 160
85 160
86 160
87 160
88 160
90 160
92 160
160 222
101 160
103 160
160 205
160 176
107 160
108 160
160 208
112 160
113 160
114 160
115 160
160 217
127 160
128 160
129 160
131 160
160 182
136 160
138 160
140 160
142 160
160 185
144 160
145 160
149 160
152 160
156 160
158 160
23 196
27 196
31 196
33 196
44 196
52 196
55 196
63 196
66 196
73 196
78 196
90 196
96 196
105 196
108 196
112 196
114 196
115 196
117 196
128 196
129 196
135 196
136 196
137 196
149 196
152 196
154 196
194 196
19 198
19 22
19 27
19 31
19 32
19 33
19 38
19 42
19 44
19 46
19 51
19 52
19 56
19 60
19 65
19 69
19 70
19 190
19 96
19 99
19 104
19 205
19 105
19 110
19 111
19 112
19 114
19 115
19 118
19 124
19 128
19 129
19 131
19 132
19 133
19 135
19 137
19 138
19 141
19 185
19 143
19 145
19 152
19 154
19 158
2 43
43 195
4 43
43 225
27 43
29 43
30 43
43 162
35 43
39 43
42 43
43 44
43 165
43 49
43 58
43 61
43 203
43 236
43 64
43 66
43 70
43 71
43 72
43 73
43 75
43 76
43 77
43 78
43 79
43 81
43 82
43 84
43 85
43 88
43 90
43 92
43 96
43 98
43 99
43 102
43 204
43 104
43 205
43 206
43 105
43 106
43 176
43 207
43 108
43 113
43 114
43 116
43 118
43 120
43 212
43 124
43 125
43 126
43 128
43 129
43 134
43 137
43 139
43 141
43 142
43 185
43 143
43 144
43 148
43 149
43 151
43 186
43 156
16 195
16 160
16 17
16 161
16 20
16 198
16 27
16 29
16 32
16 33
16 163
16 219
16 38
16 44
16 45
16 46
16 165
16 199
16 55
16 58
16 221
16 60
16 171
16 61
16 236
16 64
16 67
16 69
16 73
16 77
16 78
16 80
16 82
16 87
16 88
16 89
16 90
16 91
16 92
16 94
16 95
16 96
16 98
16 191
16 100
16 104
16 105
16 108
16 111
16 116
16 118
16 124
16 127
16 128
16 129
16 130
16 132
16 133
16 135
16 138
16 144
16 145
16 148
16 153
16 218
16 154
16 186
16 156
2 17
10 17
17 198
17 21
17 22
17 25
17 30
17 31
17 32
17 33
17 36
17 219
17 40
17 41
17 42
17 45
17 47
17 48
17 49
17 50
17 53
17 54
17 56
17 58
17 202
17 62
17 68
17 71
17 74
17 75
17 76
17 77
17 173
17 174
17 82
17 83
17 84
17 85
17 87
17 88
17 89
17 91
17 94
17 95
17 96
17 97
17 100
17 102
17 204
17 103
17 104
17 105
17 106
17 176
17 107
17 228
17 208
17 111
17 178
17 112
17 113
17 209
17 115
17 117
17 118
17 212
17 180
17 122
17 123
17 181
17 127
17 128
17 129
17 130
17 131
17 132
17 182
17 183
17 137
17 138
17 139
17 140
17 142
17 185
17 144
17 147
17 149
17 154
17 194
17 157
17 158
4 161
10 161
160 161
17 161
22 161
24 161
25 161
26 161
27 161
30 161
31 161
32 161
33 161
38 161
40 161
41 161
43 161
44 161
45 161
161 164
161 189
49 161
50 161
51 161
52 161
53 161
54 161
161 170
58 161
60 161
161 171
161 172
62 161
63 161
64 161
67 161
71 161
72 161
161 190
73 161
74 161
75 161
76 161
79 161
161 173
81 161
84 161
86 161
89 161
91 161
95 161
96 161
97 161
100 161
101 161
104 161
161 205
161 192
161 216
105 161
107 161
110 161
113 161
114 161
116 161
118 161
119 161
120 161
125 161
126 161
127 161
129 161
132 161
133 161
161 183
161 193
161 185
143 161
153 161
154 161
161 186
156 161
18 20
18 23
18 29
18 30
18 31
18 32
18 33
18 34
18 35
18 37
18 39
18 41
18 42
18 44
18 45
18 47
18 189
18 220
18 166
18 52
18 53
18 54
18 168
18 55
18 170
18 56
18 57
18 202
18 221
18 60
18 171
18 61
18 236
18 62
18 65
18 66
18 71
18 190
18 73
18 76
18 78
18 79
18 173
18 81
18 174
18 82
18 84
18 86
18 89
18 175
18 91
18 95
18 97
18 99
18 103
18 104
18 205
18 216
18 106
18 107
18 227
18 108
18 228
18 208
18 229
18 110
18 111
18 113
18 114
18 210
18 118
18 120
18 121
18 122
18 123
18 128
18 131
18 132
18 135
18 193
18 138
18 139
18 140
18 213
18 185
18 143
18 145
18 146
18 147
18 232
18 151
18 152
18 153
18 154
18 194
18 214
18 188
2 21
11 21
21 161
19 21
20 21
21 215
21 22
21 23
21 25
21 162
21 33
21 35
21 47
21 51
21 58
21 202
21 59
21 68
21 69
21 70
21 190
21 75
21 76
21 77
21 173
21 81
21 174
21 86
21 87
21 88
21 94
21 95
21 96
21 101
21 103
21 104
21 205
21 107
21 109
21 111
21 178
21 115
21 179
21 117
21 119
21 126
21 127
21 131
21 182
21 133
21 135
21 136
21 141
21 184
21 185
21 144
21 145
21 148
21 151
21 152
21 153
21 233
21 154
21 157
10 22
22 196
22 198
22 23
22 26
22 27
22 29
22 30
22 162
22 35
22 36
22 37
22 42
22 44
22 47
22 52
22 200
22 167
22 168
22 56
22 58
22 172
22 61
22 236
22 63
22 64
22 68
22 69
22 70
22 72
22 75
22 76
22 78
22 79
22 80
22 173
22 81
22 83
22 84
22 86
22 87
22 89
22 90
22 91
22 92
22 93
22 95
22 96
22 97
22 191
22 99
22 100
22 102
22 103
22 205
22 206
22 106
22 176
22 107
22 108
22 110
22 111
22 178
22 113
22 115
22 116
22 210
22 119
22 120
22 180
22 122
22 124
22 125
22 181
22 127
22 130
22 131
22 132
22 182
22 193
22 136
22 137
22 139
22 140
22 184
22 143
22 145
22 146
22 232
22 151
22 153
22 233
22 154
22 155
22 194
22 188
4 225
13 225
26 225
32 225
35 225
163 225
41 225
189 225
54 225
168 225
55 225
170 225
59 225
225 236
63 225
69 225
81 225
86 225
90 225
96 225
99 225
101 225
204 225
105 225
176 225
208 225
110 225
119 225
125 225
129 225
131 225
135 225
136 225
137 225
138 225
139 225
143 225
147 225
148 225
149 225
151 225
152 225
153 225
186 225
25 195
25 196
19 25
25 198
25 28
25 35
25 38
25 39
25 44
25 46
25 164
25 49
25 166
25 58
25 171
25 236
25 63
25 64
25 65
25 67
25 68
25 70
25 71
25 190
25 73
25 75
25 76
25 77
25 78
25 174
25 86
25 89
25 90
25 92
25 94
25 95
25 222
25 100
25 101
25 102
25 103
25 104
25 205
25 206
25 227
25 108
25 110
25 112
25 115
25 118
25 124
25 125
25 126
25 181
25 128
25 130
25 132
25 134
25 183
25 193
25 136
25 137
25 184
25 143
25 145
25 153
25 155
25 194
10 28
28 196
27 28
28 33
28 38
28 40
28 42
28 45
28 164
28 48
28 52
28 168
28 55
28 58
28 171
28 66
28 71
28 72
28 73
28 81
28 94
28 95
28 99
28 100
28 102
28 204
28 108
28 230
28 111
28 112
28 113
28 116
28 125
28 126
28 127
28 128
28 129
28 130
28 135
28 137
28 139
28 144
28 145
28 149
28 155
2 186
10 186
19 186
21 186
30 186
162 186
32 186
33 186
36 186
37 186
40 186
42 186
165 186
48 186
52 186
169 186
55 186
58 186
62 186
63 186
64 186
65 186
67 186
69 186
70 186
71 186
72 186
73 186
74 186
75 186
81 186
82 186
93 186
94 186
96 186
101 186
104 186
107 186
186 207
116 186
117 186
118 186
120 186
186 212
128 186
129 186
135 186
183 186
136 186
138 186
141 186
184 186
186 213
143 186
144 186
148 186
149 186
151 186
154 186
155 186
156 186
27 195
20 27
27 198
23 27
26 27
27 29
27 31
27 162
27 32
27 33
27 226
27 35
27 37
27 163
27 38
27 39
27 40
27 42
27 47
27 165
27 48
27 49
27 220
27 166
27 52
27 200
27 201
27 54
27 55
27 57
27 58
27 202
27 60
27 64
27 65
27 66
27 68
27 70
27 190
27 73
27 74
27 75
27 76
27 77
27 78
27 79
27 80
27 83
27 86
27 87
27 88
27 89
27 90
27 175
27 92
27 93
27 95
27 96
27 97
27 222
27 99
27 100
27 102
27 104
27 107
27 207
27 108
27 208
27 111
27 179
27 117
27 118
27 217
27 231
27 121
27 124
27 129
27 130
27 133
27 183
27 139
27 140
27 141
27 184
27 213
27 144
27 145
27 146
27 147
27 150
27 151
27 152
27 154
27 155
27 194
27 156
27 187
27 157
30 195
30 33
30 42
30 44
30 52
30 53
30 170
30 63
30 64
30 67
30 72
30 73
30 76
30 77
30 78
30 85
30 86
30 92
30 99
30 102
30 108
30 110
30 114
30 116
30 118
30 128
30 130
30 131
30 138
30 141
30 149
30 153
30 188
30 158
2 26
6 26
18 26
26 198
23 26
26 33
26 226
26 36
26 39
26 46
26 164
26 52
26 201
26 53
26 54
26 168
26 170
26 56
26 59
26 60
26 64
26 66
26 71
26 72
26 190
26 73
26 78
26 174
26 84
26 88
26 90
26 93
26 94
26 99
26 101
26 104
26 216
26 176
26 107
26 227
26 208
26 110
26 112
26 113
26 114
26 118
26 119
26 125
26 126
26 181
26 127
26 129
26 131
26 133
26 183
26 193
26 137
26 139
26 141
26 184
26 142
26 143
26 145
26 148
26 150
26 153
26 154
26 156
32 198
32 162
32 33
32 35
32 36
32 37
32 163
32 39
32 40
32 41
32 42
32 47
32 164
32 48
32 189
32 49
32 51
32 52
32 200
32 201
32 53
32 168
32 55
32 59
32 221
32 60
32 64
32 65
32 66
32 68
32 69
32 190
32 73
32 74
32 76
32 78
32 79
32 80
32 173
32 83
32 86
32 88
32 90
32 175
32 95
32 191
32 99
32 101
32 102
32 103
32 206
32 105
32 107
32 227
32 237
32 108
32 229
32 109
32 111
32 112
32 113
32 114
32 115
32 179
32 119
32 120
32 180
32 223
32 121
32 124
32 125
32 127
32 129
32 130
32 133
32 135
32 183
32 137
32 138
32 139
32 141
32 143
32 146
32 147
32 148
32 149
32 151
32 153
32 154
32 188
32 157
33 215
29 33
33 163
33 219
33 39
33 40
33 42
33 44
33 46
33 164
33 165
33 189
33 220
33 166
33 51
33 52
33 200
33 167
33 53
33 54
33 169
33 55
33 56
33 60
33 171
33 61
33 236
33 62
33 63
33 64
33 65
33 66
33 67
33 69
33 70
33 71
33 72
33 190
33 73
33 74
33 75
33 76
33 77
33 78
33 79
33 173
33 83
33 84
33 87
33 88
33 90
33 175
33 91
33 92
33 239
33 94
33 95
33 96
33 99
33 100
33 101
33 102
33 103
33 104
33 206
33 105
33 106
33 107
33 207
33 237
33 108
33 230
33 110
33 111
33 178
33 113
33 114
33 115
33 116
33 179
33 210
33 211
33 119
33 217
33 231
33 122
33 124
33 181
33 127
33 128
33 129
33 130
33 131
33 132
33 182
33 133
33 135
33 238
33 183
33 193
33 136
33 137
33 138
33 139
33 140
33 141
33 184
33 213
33 185
33 143
33 144
33 145
33 147
33 148
33 149
33 150
33 151
33 152
33 154
33 156
33 187
33 157
35 63
37 63
63 163
38 63
39 63
41 63
42 63
44 63
63 165
51 63
52 63
55 63
63 170
56 63
57 63
63 202
63 221
60 63
61 63
62 63
63 65
63 66
63 71
63 190
63 73
63 74
63 75
63 78
63 79
63 83
63 84
63 85
63 88
63 89
63 90
63 92
63 93
63 96
63 97
63 191
63 99
63 103
63 176
63 107
63 177
63 237
63 229
63 111
63 178
63 114
63 209
63 179
63 211
63 119
63 120
63 122
63 125
63 126
63 128
63 129
63 130
63 131
63 134
63 137
63 138
63 139
63 141
63 142
63 213
63 144
63 145
63 148
63 149
63 150
63 152
63 153
63 154
63 187
63 188
63 157
35 198
23 35
29 35
35 163
35 38
35 39
35 40
35 41
35 45
35 164
35 48
35 49
35 220
35 167
35 54
35 169
35 170
35 56
35 58
35 221
35 171
35 172
35 65
35 68
35 69
35 70
35 190
35 73
35 74
35 76
35 77
35 78
35 80
35 81
35 174
35 83
35 86
35 92
35 94
35 97
35 222
35 101
35 102
35 204
35 205
35 206
35 105
35 106
35 108
35 228
35 229
35 111
35 178
35 113
35 114
35 209
35 116
35 117
35 119
35 120
35 123
35 181
35 127
35 128
35 131
35 134
35 135
35 193
35 136
35 137
35 185
35 143
35 147
35 152
35 218
35 154
35 155
35 187
35 188
10 87
87 215
38 87
40 87
44 87
46 87
87 166
51 87
52 87
55 87
87 170
58 87
64 87
67 87
71 87
73 87
75 87
76 87
77 87
78 87
86 87
87 92
87 96
87 100
87 102
87 105
87 106
87 107
87 110
87 111
87 178
87 113
87 115
87 116
87 118
87 126
87 181
87 128
87 130
87 133
87 137
87 138
87 143
87 144
87 145
87 151
87 153
87 154
87 155
87 157
87 158
5 36
6 36
36 48
36 189
36 220
36 51
36 200
36 55
36 64
36 65
36 69
36 71
36 72
36 190
36 76
36 78
36 79
36 96
36 98
36 99
36 240
36 105
36 109
36 181
36 128
36 131
36 133
36 135
36 183
36 136
36 138
36 143
36 144
36 232
36 151
36 188
36 158
37 195
37 160
21 37
26 37
28 37
37 39
37 41
37 45
37 47
37 54
37 168
37 55
37 59
37 172
37 66
37 70
37 74
37 78
37 79
37 93
37 100
37 106
37 177
37 108
37 179
37 117
37 119
37 125
37 126
37 127
37 128
37 132
37 133
37 137
37 138
37 141
37 142
37 143
37 144
37 145
37 151
37 152
37 233
37 154
37 155
37 156
37 158
2 38
38 197
21 38
23 38
38 225
29 38
31 38
38 162
36 38
38 235
38 163
38 219
38 40
38 43
38 44
38 45
38 164
38 165
38 50
38 51
38 52
38 200
38 53
38 168
38 57
38 60
38 172
38 64
38 65
38 67
38 68
38 69
38 70
38 71
38 72
38 190
38 74
38 75
38 173
38 84
38 86
38 89
38 93
38 95
38 97
38 99
38 100
38 101
38 104
38 205
38 106
38 107
38 109
38 110
38 116
38 210
38 223
38 123
38 125
38 126
38 129
38 130
38 132
38 134
38 136
38 139
38 140
38 141
38 146
38 148
38 153
38 154
38 155
38 156
38 158
10 39
20 39
39 198
21 39
39 225
31 39
39 162
39 226
39 235
39 163
39 219
39 40
39 41
39 42
39 45
39 189
39 50
39 199
39 51
39 52
39 200
39 54
39 168
39 55
39 56
39 171
39 61
39 62
39 66
39 67
39 69
39 70
39 72
39 75
39 76
39 78
39 173
39 174
39 82
39 83
39 84
39 85
39 86
39 91
39 94
39 95
39 97
39 98
39 191
39 99
39 204
39 103
39 206
39 105
39 107
39 207
39 108
39 228
39 110
39 111
39 178
39 113
39 114
39 115
39 116
39 118
39 119
39 120
39 217
39 123
39 181
39 128
39 129
39 132
39 182
39 133
39 135
39 238
39 137
39 138
39 139
39 140
39 141
39 184
39 185
39 143
39 145
39 232
39 148
39 151
39 152
39 186
39 194
39 156
39 187
39 157
2 72
5 72
6 72
20 72
21 72
31 72
72 163
41 72
45 72
46 72
72 164
72 200
72 167
55 72
72 170
56 72
58 72
59 72
60 72
62 72
65 72
71 72
72 190
72 73
72 74
72 76
72 78
72 82
72 83
72 85
72 87
72 89
72 91
72 101
72 204
72 205
72 107
72 111
72 112
72 113
72 114
72 179
72 210
72 118
72 123
72 125
72 128
72 129
72 131
72 132
72 135
72 193
72 137
72 139
72 184
72 185
72 143
72 145
72 148
72 149
72 153
72 218
72 154
72 155
72 194
72 188
72 158
195 219
215 219
63 219
64 219
66 219
73 219
90 219
95 219
96 219
104 219
216 219
219 229
114 219
128 219
129 219
133 219
155 219
187 219
2 41
41 198
31 41
41 162
41 163
40 41
41 45
41 46
41 47
41 165
41 48
41 189
41 53
41 54
41 169
41 170
41 58
41 202
41 171
41 172
41 61
41 62
41 64
41 65
41 67
41 73
41 76
41 78
41 81
41 82
41 84
41 88
41 89
41 175
41 91
41 92
41 95
41 96
41 98
41 100
41 102
41 104
41 205
41 192
41 176
41 177
41 110
41 115
41 120
41 122
41 125
41 181
41 127
41 130
41 182
41 133
41 135
41 183
41 193
41 136
41 137
41 139
41 140
41 141
41 185
41 144
41 151
41 153
41 234
41 155
41 194
41 156
41 188
41 157
41 158
2 42
42 195
42 215
42 198
23 42
29 42
42 226
42 235
40 42
42 45
42 165
42 189
42 49
42 52
42 200
42 201
42 53
42 54
42 168
42 169
42 55
42 57
42 59
42 221
42 60
42 171
42 61
42 64
42 65
42 67
42 68
42 69
42 71
42 190
42 73
42 75
42 76
42 77
42 79
42 80
42 81
42 174
42 83
42 85
42 86
42 88
42 89
42 90
42 92
42 93
42 94
42 95
42 222
42 100
42 101
42 102
42 104
42 216
42 106
42 176
42 107
42 108
42 228
42 109
42 230
42 110
42 111
42 178
42 115
42 119
42 120
42 212
42 223
42 217
42 121
42 123
42 124
42 125
42 130
42 133
42 135
42 183
42 193
42 139
42 141
42 184
42 142
42 213
42 144
42 146
42 147
42 232
42 148
42 152
42 153
42 233
42 194
42 156
42 214
42 187
42 158
44 197
44 215
31 44
44 226
34 44
44 235
40 44
44 164
44 48
44 49
44 220
44 50
44 166
44 168
44 55
44 170
44 202
44 59
44 221
44 236
44 65
44 66
44 67
44 68
44 69
44 70
44 74
44 75
44 79
44 80
44 174
44 83
44 85
44 88
44 89
44 91
44 92
44 97
44 98
44 191
44 222
44 100
44 103
44 104
44 205
44 206
44 105
44 176
44 237
44 108
44 228
44 229
44 109
44 110
44 112
44 113
44 114
44 115
44 116
44 179
44 117
44 118
44 120
44 180
44 223
44 128
44 130
44 131
44 132
44 183
44 136
44 137
44 138
44 139
44 140
44 141
44 142
44 213
44 144
44 145
44 146
44 147
44 232
44 149
44 151
44 152
44 154
44 194
44 156
44 187
44 157
44 158
45 197
29 45
45 164
45 55
45 59
45 60
45 172
45 63
45 64
45 65
45 69
45 70
45 71
45 77
45 95
45 96
45 222
45 104
45 205
45 192
45 105
45 107
45 110
45 111
45 113
45 116
45 223
45 122
45 129
45 131
45 135
45 193
45 136
45 141
45 185
45 143
45 147
45 149
45 154
45 156
45 158
46 195
6 46
46 161
46 225
29 46
36 46
46 163
40 46
46 164
46 165
46 166
46 52
46 200
46 201
46 167
46 54
46 168
46 55
46 170
46 202
46 221
46 60
46 172
46 61
46 67
46 68
46 69
46 70
46 190
46 74
46 76
46 173
46 82
46 84
46 85
46 88
46 90
46 175
46 92
46 93
46 97
46 98
46 100
46 102
46 104
46 105
46 176
46 107
46 207
46 108
46 230
46 110
46 112
46 114
46 115
46 119
46 180
46 217
46 121
46 123
46 181
46 127
46 128
46 129
46 130
46 131
46 133
46 135
46 238
46 183
46 193
46 185
46 143
46 144
46 148
46 150
46 154
46 155
46 157
47 198
28 47
47 162
34 47
47 163
47 164
47 48
47 49
47 166
47 53
47 60
47 65
47 66
47 68
47 69
47 71
47 73
47 78
47 80
47 83
47 85
47 90
47 95
47 96
47 98
47 191
47 99
47 101
47 102
47 104
47 105
47 106
47 107
47 108
47 111
47 114
47 115
47 116
47 119
47 121
47 126
47 130
47 131
47 132
47 133
47 135
47 183
47 193
47 136
47 138
47 139
47 140
47 185
47 144
47 149
47 152
47 153
47 218
47 154
47 194
47 156
47 187
47 188
47 158
159 164
36 164
40 164
43 164
52 164
53 164
164 170
59 164
60 164
61 164
62 164
66 164
68 164
70 164
71 164
164 190
73 164
78 164
80 164
164 174
82 164
84 164
86 164
87 164
93 164
94 164
95 164
98 164
99 164
101 164
103 164
164 205
164 206
164 176
164 228
110 164
112 164
113 164
114 164
118 164
119 164
120 164
164 212
164 223
164 217
124 164
125 164
128 164
129 164
131 164
135 164
164 193
141 164
164 184
164 213
164 185
143 164
145 164
147 164
152 164
153 164
155 164
157 164
158 164
19 151
23 151
31 151
151 162
40 151
45 151
151 165
151 189
49 151
51 151
151 167
53 151
54 151
151 168
151 169
55 151
151 170
58 151
59 151
60 151
151 171
151 172
62 151
64 151
65 151
68 151
71 151
151 190
73 151
75 151
77 151
80 151
81 151
151 174
82 151
85 151
86 151
88 151
89 151
151 175
91 151
92 151
151 239
93 151
94 151
95 151
98 151
151 191
100 151
103 151
151 240
151 216
105 151
107 151
110 151
111 151
151 179
119 151
120 151
122 151
151 181
128 151
129 151
132 151
136 151
137 151
138 151
139 151
141 151
144 151
145 151
146 151
150 151
151 152
151 233
151 154
151 155
151 194
151 187
151 188
2 241
1 241
224 241
3 241
4 241
159 241
5 241
6 241
7 241
8 241
10 241
14 241
160 241
16 241
17 241
197 241
18 241
198 241
21 241
25 241
27 241
28 241
31 241
32 241
33 241
34 241
35 241
37 241
163 241
219 241
39 241
43 241
46 241
220 241
50 241
199 241
201 241
167 241
168 241
169 241
170 241
56 241
171 241
61 241
203 241
63 241
66 241
67 241
68 241
70 241
73 241
74 241
75 241
76 241
78 241
80 241
174 241
83 241
84 241
87 241
89 241
90 241
94 241
95 241
96 241
191 241
99 241
100 241
102 241
204 241
103 241
192 241
105 241
176 241
107 241
227 241
108 241
228 241
110 241
111 241
114 241
209 241
117 241
119 241
120 241
223 241
217 241
231 241
122 241
123 241
124 241
126 241
181 241
127 241
128 241
129 241
131 241
182 241
133 241
134 241
136 241
138 241
139 241
140 241
141 241
184 241
142 241
213 241
143 241
144 241
145 241
146 241
149 241
150 241
151 241
153 241
233 241
234 241
154 241
214 241
187 241
158 241
10 48
30 48
48 162
40 48
43 48
45 48
48 165
48 49
48 51
48 52
48 167
48 168
48 60
48 62
48 66
48 68
48 70
48 71
48 190
48 74
48 76
48 77
48 79
48 82
48 84
48 85
48 86
48 89
48 91
48 94
48 97
48 99
48 102
48 103
48 104
48 110
48 111
48 112
48 113
48 115
48 116
48 123
48 126
48 181
48 127
48 128
48 130
48 131
48 132
48 135
48 193
48 137
48 139
48 140
48 141
48 185
48 144
48 149
48 153
48 155
48 188
48 157
49 195
10 49
19 49
49 215
21 49
49 225
36 49
37 49
49 163
49 219
49 51
49 200
49 201
49 54
49 168
49 55
49 170
49 58
49 59
49 171
49 172
49 61
49 236
49 64
49 65
49 67
49 68
49 70
49 71
49 190
49 73
49 75
49 76
49 77
49 78
49 79
49 80
49 173
49 81
49 82
49 84
49 85
49 88
49 89
49 91
49 96
49 97
49 99
49 100
49 103
49 192
49 206
49 216
49 107
49 108
49 110
49 111
49 112
49 113
49 114
49 115
49 116
49 212
49 121
49 124
49 129
49 131
49 133
49 134
49 135
49 138
49 140
49 143
49 146
49 148
49 149
49 150
49 156
49 157
166 195
20 166
166 215
166 198
23 166
31 166
166 226
36 166
166 189
49 166
52 166
166 201
54 166
55 166
58 166
59 166
166 221
166 171
61 166
62 166
65 166
68 166
70 166
71 166
73 166
75 166
76 166
77 166
78 166
79 166
95 166
97 166
99 166
101 166
102 166
103 166
166 206
105 166
106 166
166 176
166 227
166 207
166 229
109 166
111 166
166 178
113 166
166 209
166 210
117 166
118 166
166 212
122 166
127 166
129 166
130 166
131 166
136 166
137 166
139 166
140 166
166 185
143 166
147 166
166 232
149 166
152 166
154 166
166 214
51 195
20 51
51 215
51 198
23 51
31 51
51 162
34 51
51 235
45 51
51 165
51 220
51 199
51 52
51 201
51 53
51 54
51 168
51 55
51 170
51 56
51 58
51 202
51 61
51 62
51 64
51 68
51 69
51 71
51 73
51 77
51 78
51 173
51 81
51 82
51 83
51 90
51 175
51 91
51 95
51 99
51 104
51 206
51 216
51 105
51 108
51 228
51 229
51 230
51 111
51 178
51 112
51 115
51 116
51 210
51 119
51 120
51 212
51 180
51 223
51 121
51 122
51 124
51 125
51 181
51 128
51 129
51 130
51 132
51 182
51 133
51 134
51 183
51 193
51 137
51 138
51 141
51 142
51 185
51 143
51 145
51 232
51 152
51 153
51 233
51 154
51 155
51 214
2 183
1 183
183 224
4 183
183 215
162 183
34 183
163 183
43 183
183 220
183 199
183 201
167 183
53 183
54 183
168 183
55 183
170 183
56 183
59 183
183 236
65 183
69 183
71 183
74 183
75 183
77 183
78 183
173 183
174 183
84 183
87 183
88 183
89 183
90 183
92 183
94 183
95 183
102 183
103 183
104 183
183 206
183 216
106 183
176 183
107 183
183 227
183 228
183 230
110 183
112 183
114 183
183 209
116 183
117 183
118 183
183 212
180 183
183 223
183 231
121 183
132 183
133 183
134 183
183 193
136 183
137 183
138 183
139 183
183 184
142 183
183 185
143 183
144 183
146 183
147 183
148 183
149 183
154 183
183 194
183 214
183 188
158 183
52 195
52 197
20 52
52 215
52 198
23 52
31 52
40 52
52 189
50 52
52 200
52 201
52 53
52 54
52 168
52 55
52 59
52 221
52 60
52 171
52 61
52 203
52 236
52 62
52 64
52 65
52 66
52 67
52 68
52 69
52 70
52 71
52 73
52 74
52 76
52 77
52 78
52 80
52 174
52 83
52 84
52 85
52 86
52 88
52 175
52 92
52 94
52 97
52 98
52 99
52 102
52 103
52 104
52 216
52 176
52 107
52 177
52 108
52 228
52 109
52 230
52 111
52 114
52 209
52 115
52 116
52 179
52 210
52 118
52 119
52 120
52 212
52 121
52 123
52 125
52 181
52 128
52 129
52 130
52 131
52 132
52 134
52 135
52 193
52 137
52 138
52 139
52 184
52 185
52 144
52 145
52 148
52 149
52 152
52 153
52 154
52 155
52 156
52 214
52 187
52 188
52 158
1 200
195 200
4 200
7 200
11 200
16 200
200 215
198 200
23 200
24 200
31 200
35 200
37 200
40 200
43 200
45 200
47 200
48 200
200 220
169 200
58 200
200 202
171 200
62 200
66 200
67 200
69 200
190 200
73 200
74 200
76 200
77 200
79 200
173 200
82 200
85 200
86 200
89 200
92 200
93 200
95 200
97 200
98 200
102 200
104 200
200 206
105 200
176 200
108 200
111 200
113 200
114 200
115 200
124 200
125 200
126 200
129 200
132 200
182 200
133 200
135 200
193 200
137 200
138 200
140 200
200 213
145 200
146 200
149 200
150 200
152 200
154 200
155 200
156 200
200 214
158 200
19 229
198 229
54 229
62 229
65 229
73 229
79 229
90 229
91 229
96 229
228 229
109 229
229 230
111 229
212 229
124 229
125 229
128 229
129 229
132 229
182 229
135 229
138 229
145 229
158 229
2 54
20 54
31 54
40 54
54 165
53 54
54 56
54 58
54 65
54 69
54 70
54 71
54 73
54 74
54 75
54 76
54 77
54 78
54 79
54 80
54 81
54 82
54 86
54 87
54 92
54 97
54 98
54 99
54 100
54 107
54 117
54 118
54 119
54 124
54 126
54 128
54 130
54 131
54 134
54 135
54 136
54 137
54 140
54 143
54 145
54 146
54 148
54 149
54 152
54 194
23 55
29 55
55 226
34 55
55 163
55 189
55 220
55 199
55 168
55 57
55 58
55 59
55 221
55 60
55 172
55 62
55 64
55 66
55 69
55 70
55 71
55 73
55 74
55 77
55 78
55 79
55 80
55 173
55 81
55 84
55 85
55 86
55 89
55 90
55 92
55 94
55 95
55 96
55 191
55 222
55 100
55 101
55 102
55 104
55 206
55 216
55 176
55 107
55 207
55 237
55 108
55 228
55 208
55 230
55 110
55 111
55 112
55 113
55 114
55 115
55 116
55 179
55 117
55 118
55 119
55 120
55 212
55 180
55 123
55 124
55 127
55 128
55 129
55 130
55 131
55 132
55 182
55 133
55 135
55 137
55 138
55 141
55 184
55 142
55 185
55 143
55 145
55 147
55 232
55 148
55 149
55 150
55 152
55 153
55 154
55 156
55 158
168 215
21 168
31 168
162 168
53 168
168 170
59 168
64 168
71 168
76 168
77 168
78 168
79 168
85 168
93 168
95 168
99 168
101 168
168 204
168 205
105 168
107 168
111 168
116 168
168 179
117 168
118 168
119 168
125 168
128 168
129 168
131 168
132 168
168 182
137 168
138 168
139 168
142 168
143 168
154 168
155 168
168 187
19 170
162 170
170 219
165 170
53 170
56 170
57 170
170 171
170 172
64 170
65 170
70 170
74 170
75 170
76 170
81 170
170 174
88 170
89 170
92 170
95 170
96 170
97 170
98 170
99 170
102 170
170 205
170 216
170 176
108 170
110 170
170 178
113 170
115 170
118 170
120 170
125 170
170 181
127 170
129 170
130 170
132 170
170 238
136 170
137 170
140 170
141 170
170 184
170 185
144 170
148 170
149 170
170 188
158 170
58 198
29 58
31 58
58 235
58 219
58 165
58 220
58 169
57 58
58 202
58 60
58 171
58 61
58 66
58 67
58 68
58 70
58 71
58 74
58 75
58 76
58 78
58 79
58 173
58 82
58 83
58 85
58 86
58 89
58 91
58 96
58 97
58 98
58 191
58 99
58 100
58 102
58 104
58 205
58 206
58 216
58 177
58 108
58 208
58 111
58 178
58 116
58 179
58 118
58 119
58 223
58 217
58 122
58 124
58 181
58 127
58 128
58 182
58 133
58 135
58 137
58 139
58 141
58 184
58 213
58 143
58 145
58 148
58 152
58 234
58 155
58 194
58 158
1 202
3 202
10 202
12 202
14 202
198 202
25 202
32 202
202 235
163 202
47 202
50 202
167 202
169 202
57 202
65 202
69 202
71 202
72 202
76 202
78 202
89 202
90 202
94 202
95 202
99 202
102 202
104 202
177 202
111 202
113 202
115 202
116 202
202 223
124 202
126 202
130 202
131 202
133 202
134 202
135 202
137 202
139 202
140 202
142 202
143 202
149 202
150 202
151 202
152 202
156 202
158 202
29 60
40 60
43 60
60 189
60 201
53 60
60 168
60 171
60 172
60 62
60 64
60 65
60 66
60 67
60 68
60 71
60 190
60 74
60 76
60 77
60 79
60 82
60 83
60 85
60 89
60 90
60 93
60 94
60 95
60 96
60 97
60 107
60 207
60 108
60 110
60 111
60 178
60 112
60 116
60 119
60 180
60 223
60 181
60 127
60 128
60 129
60 130
60 137
60 138
60 139
60 141
60 143
60 150
60 153
60 154
60 155
60 157
26 172
29 172
172 226
34 172
36 172
40 172
43 172
167 172
53 172
54 172
168 172
59 172
172 221
71 172
73 172
78 172
79 172
172 173
86 172
94 172
95 172
96 172
172 222
99 172
102 172
104 172
172 205
172 206
172 208
113 172
114 172
118 172
119 172
172 223
172 217
121 172
123 172
125 172
126 172
127 172
128 172
131 172
132 172
172 182
133 172
172 193
137 172
138 172
172 184
143 172
145 172
147 172
148 172
152 172
154 172
172 194
172 188
26 62
28 62
30 62
31 62
40 62
62 165
54 62
62 168
61 62
62 65
62 190
62 75
62 76
62 79
62 85
62 86
62 92
62 94
62 97
62 100
62 104
62 205
62 107
62 111
62 178
62 112
62 113
62 114
62 116
62 118
62 119
62 217
62 126
62 127
62 131
62 132
62 134
62 193
62 138
62 139
62 185
62 144
62 145
62 148
62 149
62 150
62 155
62 157
62 158
64 196
19 64
23 64
64 225
29 64
64 163
64 189
64 199
64 167
64 169
56 64
64 221
64 171
64 65
64 66
64 67
64 68
64 71
64 77
64 78
64 79
64 80
64 81
64 174
64 82
64 85
64 90
64 93
64 94
64 95
64 96
64 97
64 98
64 191
64 99
64 103
64 104
64 206
64 237
64 108
64 110
64 113
64 115
64 179
64 118
64 119
64 120
64 122
64 124
64 125
64 181
64 127
64 128
64 129
64 130
64 134
64 135
64 136
64 137
64 184
64 143
64 145
64 146
64 147
64 148
64 152
64 153
64 154
64 155
64 188
2 65
65 225
29 65
31 65
40 65
65 220
50 65
53 65
61 65
65 69
65 70
65 190
65 73
65 74
65 76
65 78
65 79
65 80
65 81
65 82
65 85
65 90
65 91
65 92
65 95
65 99
65 101
65 104
65 105
65 106
65 108
65 178
65 114
65 115
65 116
65 117
65 119
65 122
65 126
65 128
65 130
65 131
65 134
65 136
65 137
65 139
65 185
65 143
65 145
65 152
128 215
128 198
29 128
128 162
128 226
128 189
50 128
128 201
128 167
56 128
57 128
59 128
128 221
128 171
61 128
66 128
67 128
68 128
69 128
71 128
128 190
73 128
74 128
75 128
78 128
79 128
80 128
128 173
82 128
83 128
84 128
88 128
89 128
90 128
128 175
91 128
92 128
94 128
95 128
97 128
102 128
104 128
105 128
128 176
107 128
128 227
108 128
128 228
128 208
112 128
113 128
128 209
128 179
117 128
119 128
128 180
128 223
128 217
121 128
123 128
124 128
126 128
127 128
128 129
128 130
128 182
128 133
128 134
128 135
128 136
128 137
128 138
128 139
128 141
128 184
128 142
128 213
128 143
128 145
128 146
128 149
128 152
128 154
128 194
128 156
128 214
20 66
66 215
23 66
29 66
31 66
66 165
66 189
66 220
66 199
66 167
66 169
57 66
59 66
66 67
66 68
66 69
66 70
66 190
66 73
66 74
66 76
66 77
66 78
66 79
66 173
66 82
66 84
66 85
66 88
66 90
66 175
66 92
66 93
66 94
66 95
66 96
66 97
66 98
66 222
66 99
66 100
66 101
66 240
66 104
66 205
66 206
66 216
66 105
66 106
66 176
66 107
66 227
66 207
66 108
66 228
66 208
66 109
66 230
66 110
66 111
66 113
66 114
66 115
66 210
66 118
66 119
66 223
66 123
66 124
66 126
66 181
66 127
66 129
66 134
66 238
66 193
66 137
66 138
66 139
66 141
66 184
66 142
66 144
66 145
66 146
66 148
66 154
66 155
66 194
66 188
68 75
68 115
68 139
68 145
68 154
68 158
23 67
28 67
40 67
67 189
67 167
53 67
61 67
67 68
67 71
67 190
67 73
67 75
67 76
67 78
67 84
67 89
67 90
67 175
67 91
67 92
67 93
67 95
67 96
67 97
67 103
67 104
67 192
67 106
67 177
67 237
67 108
67 111
67 112
67 115
67 117
67 118
67 119
67 120
67 124
67 125
67 130
67 131
67 182
67 134
67 135
67 136
67 137
67 139
67 140
67 184
67 142
67 185
67 143
67 144
67 145
67 146
67 150
67 153
67 218
67 194
67 187
67 158
69 195
69 197
20 69
69 198
29 69
69 162
34 69
69 235
69 163
40 69
69 165
69 189
69 220
50 69
69 199
69 221
61 69
69 203
69 236
69 70
69 190
69 73
69 74
69 75
69 78
69 80
69 173
69 174
69 82
69 83
69 86
69 88
69 89
69 90
69 94
69 95
69 97
69 100
69 102
69 204
69 104
69 106
69 177
69 207
69 237
69 228
69 112
69 116
69 210
69 118
69 119
69 212
69 180
69 223
69 231
69 121
69 181
69 127
69 130
69 182
69 193
69 137
69 138
69 142
69 185
69 143
69 144
69 146
69 147
69 232
69 148
69 149
69 152
69 233
69 154
69 155
69 156
69 157
11 70
23 70
31 70
36 70
70 235
70 163
40 70
70 189
59 70
70 171
61 70
68 70
70 71
70 190
70 73
70 74
70 75
70 76
70 77
70 78
70 81
70 82
70 83
70 85
70 89
70 90
70 175
70 93
70 94
70 95
70 96
70 97
70 98
70 99
70 100
70 101
70 102
70 205
70 206
70 216
70 106
70 107
70 111
70 114
70 210
70 117
70 119
70 120
70 223
70 121
70 126
70 181
70 130
70 182
70 183
70 137
70 139
70 140
70 184
70 213
70 143
70 146
70 148
70 150
70 154
70 155
70 194
70 156
70 187
70 157
71 195
71 197
71 215
23 71
31 71
71 162
40 71
71 220
50 71
53 71
71 169
71 221
71 171
61 71
71 190
71 73
71 74
71 75
71 77
71 78
71 80
71 81
71 84
71 85
71 88
71 89
71 175
71 91
71 92
71 94
71 96
71 97
71 191
71 222
71 99
71 204
71 104
71 205
71 206
71 105
71 106
71 176
71 107
71 237
71 108
71 208
71 109
71 114
71 115
71 116
71 117
71 118
71 119
71 120
71 180
71 223
71 231
71 121
71 124
71 125
71 127
71 129
71 132
71 182
71 134
71 135
71 136
71 137
71 138
71 139
71 213
71 144
71 145
71 148
71 149
71 150
71 152
71 153
71 233
71 154
71 156
71 187
71 157
71 158
2 190
190 198
29 190
40 190
166 190
168 190
174 190
85 190
86 190
175 190
95 190
190 222
100 190
101 190
190 205
111 190
113 190
116 190
118 190
121 190
129 190
182 190
190 193
138 190
185 190
144 190
145 190
147 190
150 190
153 190
154 190
156 190
158 190
20 73
73 215
23 73
31 73
73 162
53 73
57 73
73 171
68 73
73 74
73 78
73 79
73 173
73 81
73 174
73 84
73 89
73 90
73 175
73 92
73 93
73 95
73 96
73 97
73 98
73 191
73 222
73 99
73 101
73 102
73 240
73 104
73 206
73 216
73 107
73 227
73 230
73 110
73 111
73 178
73 112
73 113
73 114
73 209
73 115
73 116
73 117
73 211
73 118
73 119
73 120
73 223
73 231
73 121
73 124
73 126
73 181
73 129
73 130
73 131
73 182
73 133
73 134
73 193
73 136
73 138
73 140
73 141
73 184
73 213
73 143
73 144
73 145
73 146
73 147
73 232
73 148
73 152
73 154
73 156
74 195
10 74
74 160
19 74
74 198
21 74
26 74
74 163
74 219
40 74
45 74
74 164
74 166
74 167
53 74
74 168
74 169
56 74
74 171
74 172
74 236
62 74
68 74
74 75
74 77
74 78
74 85
74 87
74 88
74 90
74 175
74 94
74 95
74 97
74 99
74 101
74 102
74 204
74 205
74 227
74 113
74 115
74 116
74 118
74 119
74 120
74 212
74 223
74 217
74 231
74 125
74 129
74 131
74 133
74 135
74 137
74 139
74 141
74 185
74 145
74 148
74 150
74 153
74 154
74 194
74 157
74 158
30 75
75 162
75 163
40 75
75 189
75 169
75 76
75 77
75 79
75 80
75 173
75 82
75 84
75 85
75 88
75 90
75 93
75 95
75 96
75 98
75 101
75 102
75 105
75 107
75 110
75 111
75 114
75 116
75 117
75 118
75 119
75 181
75 132
75 182
75 133
75 134
75 135
75 140
75 144
75 145
75 146
75 150
75 152
75 153
75 155
75 157
75 158
76 215
76 163
53 76
59 76
76 221
61 76
76 190
76 81
76 82
76 84
76 85
76 89
76 91
76 95
76 97
76 103
76 104
76 176
76 108
76 112
76 114
76 116
76 179
76 118
76 120
76 122
76 181
76 127
76 129
76 131
76 135
76 193
76 141
76 184
76 143
76 232
76 148
76 153
76 156
76 158
2 79
5 79
28 79
31 79
79 162
79 163
40 79
79 165
53 79
79 221
79 171
61 79
77 79
79 80
79 173
79 174
79 82
79 83
79 84
79 175
79 91
79 96
79 98
79 222
79 99
79 103
79 104
79 205
79 105
79 107
79 228
79 110
79 111
79 178
79 112
79 114
79 115
79 179
79 117
79 118
79 120
79 223
79 122
79 124
79 126
79 181
79 129
79 131
79 182
79 193
79 136
79 140
79 184
79 185
79 144
79 145
79 146
79 148
79 150
79 154
79 155
79 194
79 156
79 158
11 80
80 198
40 80
45 80
80 220
56 80
80 173
80 81
80 83
80 84
80 85
80 86
80 88
80 90
80 175
80 91
80 96
80 97
80 98
80 99
80 101
80 105
80 107
80 110
80 111
80 112
80 113
80 114
80 115
80 116
80 118
80 119
80 120
80 181
80 130
80 131
80 132
80 133
80 135
80 138
80 145
80 146
80 150
80 155
80 194
2 173
173 195
173 197
19 173
173 215
28 173
31 173
40 173
166 173
61 173
62 173
81 173
83 173
86 173
90 173
96 173
99 173
103 173
108 173
114 173
116 173
119 173
173 180
173 223
124 173
129 173
130 173
131 173
132 173
137 173
141 173
145 173
149 173
152 173
154 173
156 173
158 173
57 215
31 57
57 221
57 65
57 70
57 91
57 95
57 109
57 178
57 129
57 131
57 135
57 141
57 213
81 224
81 195
10 81
20 81
23 81
31 81
81 162
81 219
81 165
50 81
81 171
61 81
81 236
77 81
81 84
81 86
81 93
81 94
81 95
81 97
81 98
81 99
81 100
81 103
81 104
81 192
81 206
81 228
81 208
81 110
81 111
81 178
81 112
81 113
81 114
81 116
81 117
81 212
81 180
81 223
81 217
81 123
81 124
81 126
81 181
81 129
81 130
81 182
81 133
81 135
81 136
81 137
81 139
81 140
81 141
81 184
81 144
81 145
81 146
81 148
81 150
81 152
81 233
81 155
19 82
21 82
23 82
29 82
37 82
82 163
45 82
82 165
82 220
50 82
82 166
82 201
53 82
82 169
56 82
61 82
62 82
68 82
82 190
77 82
78 82
82 83
82 88
82 89
82 175
82 96
82 100
82 105
82 109
82 110
82 111
82 113
82 114
82 179
82 117
82 121
82 122
82 124
82 181
82 127
82 129
82 130
82 131
82 182
82 133
82 134
82 193
82 138
82 139
82 140
82 141
82 149
82 153
82 233
82 154
82 155
82 194
82 188
82 157
163 174
78 174
81 174
90 174
92 174
94 174
100 174
104 174
105 174
174 176
107 174
174 177
110 174
174 211
118 174
131 174
133 174
135 174
136 174
137 174
138 174
141 174
174 213
144 174
152 174
153 174
157 174
10 85
21 85
23 85
28 85
31 85
85 163
40 85
85 165
85 220
50 85
85 167
53 85
85 169
56 85
77 85
83 85
84 85
85 86
85 92
85 93
85 94
85 95
85 96
85 98
85 191
85 100
85 104
85 205
85 206
85 107
85 178
85 112
85 114
85 115
85 116
85 118
85 119
85 120
85 180
85 122
85 123
85 125
85 130
85 131
85 132
85 133
85 135
85 193
85 136
85 137
85 139
85 213
85 185
85 143
85 145
85 148
85 149
85 150
85 233
85 155
85 156
85 188
85 158
86 224
86 195
86 196
20 86
86 198
23 86
31 86
86 162
86 235
86 163
86 199
86 166
86 201
86 168
56 86
86 221
86 171
86 236
72 86
77 86
83 86
86 89
86 90
86 175
86 93
86 96
86 101
86 102
86 204
86 103
86 104
86 205
86 192
86 206
86 106
86 176
86 107
86 207
86 237
86 108
86 208
86 110
86 111
86 178
86 112
86 113
86 209
86 116
86 117
86 118
86 120
86 231
86 121
86 122
86 123
86 124
86 125
86 129
86 132
86 182
86 133
86 134
86 138
86 139
86 140
86 184
86 143
86 146
86 147
86 148
86 149
86 150
86 153
86 218
86 234
86 154
86 194
86 156
86 214
86 188
86 157
86 158
30 88
31 88
88 162
34 88
88 235
45 88
88 189
54 88
56 88
88 171
61 88
78 88
83 88
84 88
88 89
88 92
88 94
88 99
88 100
88 102
88 104
88 206
88 176
88 177
88 208
88 112
88 114
88 115
88 118
88 119
88 123
88 125
88 181
88 131
88 132
88 134
88 193
88 136
88 137
88 138
88 139
88 141
88 142
88 143
88 144
88 145
88 148
88 152
88 155
88 188
88 157
88 158
84 162
53 84
78 84
84 90
84 91
84 93
84 95
84 96
84 99
84 101
84 104
84 105
84 107
84 177
84 113
84 114
84 115
84 116
84 117
84 118
84 119
84 124
84 125
84 126
84 131
84 132
84 133
84 135
84 138
84 139
84 141
84 154
84 155
84 188
2 89
10 89
89 196
89 198
29 89
31 89
89 163
89 219
40 89
47 89
89 167
89 171
62 89
65 89
83 89
89 90
89 175
89 95
89 100
89 101
89 102
89 204
89 103
89 104
89 177
89 110
89 112
89 117
89 118
89 119
89 123
89 126
89 181
89 129
89 130
89 132
89 182
89 133
89 134
89 193
89 137
89 138
89 139
89 148
89 186
89 194
89 156
90 224
90 195
90 215
29 90
31 90
90 235
90 189
90 220
90 199
90 167
56 90
90 171
68 90
77 90
78 90
90 91
90 92
90 96
90 97
90 101
90 204
90 104
90 206
90 216
90 176
90 207
90 108
90 208
90 230
90 110
90 111
90 178
90 113
90 115
90 179
90 117
90 118
90 180
90 217
90 121
90 125
90 127
90 129
90 132
90 182
90 133
90 136
90 137
90 138
90 139
90 140
90 141
90 184
90 142
90 213
90 143
90 144
90 145
90 232
90 153
90 154
90 155
90 194
90 188
90 157
38 175
92 175
96 175
99 175
103 175
105 175
110 175
115 175
116 175
124 175
130 175
131 175
133 175
138 175
141 175
144 175
152 175
158 175
2 91
6 91
23 91
29 91
31 91
40 91
54 91
91 171
91 190
77 91
78 91
91 94
91 99
91 102
91 176
91 108
91 110
91 111
91 115
91 116
91 179
91 117
91 120
91 124
91 125
91 131
91 132
91 133
91 135
91 193
91 137
91 138
91 141
91 184
91 143
91 144
91 149
91 154
91 158
92 198
31 92
92 162
92 163
53 92
92 169
56 92
92 171
61 92
92 236
68 92
78 92
92 173
83 92
92 94
92 97
92 98
92 99
92 103
92 106
92 107
92 108
92 208
92 110
92 111
92 178
92 112
92 113
92 116
92 117
92 118
92 212
92 122
92 124
92 125
92 181
92 135
92 138
92 139
92 184
92 143
92 145
92 148
92 149
92 153
92 233
92 234
92 194
92 156
92 188
92 157
92 158
93 195
93 215
93 226
93 165
93 166
54 93
56 93
59 93
93 171
78 93
93 173
83 93
93 175
93 94
93 95
93 96
93 99
93 101
93 102
93 104
93 216
93 106
93 176
93 107
93 110
93 114
93 116
93 117
93 124
93 129
93 132
93 134
93 183
93 193
93 136
93 141
93 143
93 145
93 149
93 152
93 154
10 94
19 94
20 94
94 198
23 94
31 94
94 235
94 219
40 94
45 94
47 94
94 168
61 94
94 203
68 94
77 94
84 94
94 101
94 206
94 106
94 176
94 112
94 115
94 116
94 117
94 120
94 212
94 217
94 124
94 125
94 126
94 127
94 129
94 130
94 131
94 133
94 135
94 193
94 137
94 138
94 139
94 141
94 184
94 185
94 143
94 144
94 145
94 148
94 152
94 153
94 155
94 187
94 188
95 225
30 95
95 226
43 95
95 189
50 95
95 201
95 167
95 221
95 171
78 95
83 95
95 96
95 191
95 101
95 102
95 204
95 104
95 205
95 105
95 106
95 176
95 107
95 207
95 208
95 110
95 178
95 113
95 179
95 117
95 119
95 212
95 180
95 217
95 121
95 123
95 126
95 181
95 130
95 131
95 135
95 238
95 193
95 139
95 140
95 141
95 142
95 185
95 143
95 232
95 154
95 214
95 187
95 157
191 195
12 191
13 191
23 191
26 191
29 191
30 191
31 191
37 191
163 191
191 219
40 191
45 191
48 191
189 191
54 191
170 191
56 191
60 191
171 191
61 191
62 191
66 191
190 191
75 191
76 191
78 191
79 191
88 191
175 191
91 191
93 191
94 191
97 191
98 191
101 191
191 192
107 191
108 191
191 208
110 191
111 191
113 191
114 191
115 191
116 191
191 210
119 191
120 191
191 212
122 191
124 191
126 191
130 191
133 191
134 191
191 238
183 191
191 193
136 191
137 191
138 191
140 191
141 191
144 191
147 191
148 191
149 191
152 191
153 191
154 191
155 191
156 191
191 214
188 191
157 191
198 222
222 223
217 222
185 222
152 222
154 222
2 99
10 99
23 99
31 99
99 162
99 235
99 163
45 99
99 165
99 169
99 171
61 99
78 99
83 99
97 99
98 99
99 101
99 102
99 205
99 206
99 105
99 106
99 176
99 107
99 112
99 113
99 115
99 117
99 119
99 120
99 212
99 125
99 126
99 181
99 130
99 131
99 182
99 134
99 135
99 193
99 138
99 184
99 185
99 146
99 152
99 218
99 155
99 214
100 160
20 100
21 100
26 100
100 189
100 220
50 100
100 167
53 100
56 100
100 236
83 100
93 100
96 100
99 100
100 101
100 104
100 105
100 228
100 110
100 113
100 114
100 209
100 116
100 210
100 117
100 118
100 119
100 120
100 212
100 124
100 125
100 181
100 130
100 132
100 135
100 136
100 137
100 139
100 140
100 141
100 184
100 142
100 185
100 147
100 232
100 149
100 152
100 153
100 154
100 194
100 158
5 23
23 161
23 197
23 28
23 29
23 226
23 54
23 62
23 68
23 83
23 96
23 101
23 104
23 206
23 110
23 178
23 113
23 115
23 116
23 179
23 212
23 122
23 123
23 129
23 135
23 183
23 193
23 136
23 141
23 184
23 142
23 143
23 148
23 152
23 156
23 188
23 158
102 224
10 102
102 196
31 102
102 162
102 163
102 165
50 102
102 167
53 102
59 102
102 221
83 102
84 102
96 102
98 102
102 205
102 105
102 176
102 208
102 116
102 118
102 212
102 121
102 123
102 124
102 126
102 181
102 127
102 129
102 130
102 182
102 133
102 134
102 135
102 137
102 141
102 184
102 144
102 148
102 153
102 154
102 186
102 155
102 187
102 157
5 103
19 103
23 103
29 103
31 103
34 103
36 103
37 103
45 103
103 189
103 168
103 170
57 103
103 236
62 103
72 103
77 103
83 103
93 103
97 103
101 103
103 104
103 216
103 105
103 107
103 178
103 114
103 210
103 117
103 119
103 120
103 212
103 127
103 130
103 132
103 134
103 136
103 138
103 184
103 142
103 146
103 147
103 148
103 153
103 154
103 155
103 156
103 157
104 224
20 104
104 215
29 104
104 162
104 226
104 163
104 165
104 189
104 220
104 199
53 104
57 104
104 171
61 104
104 236
68 104
77 104
78 104
104 239
96 104
104 240
104 205
104 106
104 176
104 207
104 237
104 108
104 109
104 111
104 178
104 112
104 114
104 115
104 116
104 179
104 117
104 118
104 119
104 180
104 223
104 121
104 123
104 125
104 181
104 127
104 129
104 130
104 131
104 132
104 135
104 193
104 136
104 137
104 138
104 139
104 140
104 141
104 184
104 143
104 145
104 146
104 232
104 148
104 150
104 152
104 154
104 155
104 194
104 214
104 187
104 188
104 157
104 158
2 206
3 206
195 206
6 206
10 206
197 206
19 206
28 206
163 206
206 219
41 206
45 206
167 206
53 206
54 206
168 206
57 206
206 221
65 206
75 206
77 206
80 206
174 206
92 206
96 206
97 206
206 222
204 206
206 216
105 206
108 206
206 228
206 229
109 206
110 206
111 206
112 206
114 206
206 209
116 206
206 210
117 206
118 206
119 206
206 212
122 206
129 206
131 206
182 206
135 206
193 206
136 206
137 206
138 206
139 206
141 206
184 206
185 206
143 206
144 206
146 206
206 232
148 206
149 206
153 206
154 206
206 214
187 206
158 206
105 224
105 195
105 215
105 198
30 105
31 105
105 162
105 226
34 105
105 235
105 163
105 189
50 105
105 199
53 105
105 221
61 105
105 236
83 105
93 105
96 105
98 105
105 204
105 205
105 192
105 216
105 106
105 176
105 107
105 227
105 207
105 108
105 228
105 110
105 111
105 209
105 179
105 210
105 120
105 180
105 217
105 121
105 122
105 125
105 126
105 181
105 127
105 129
105 130
105 132
105 182
105 133
105 134
105 238
105 193
105 136
105 139
105 142
105 213
105 185
105 143
105 148
105 155
105 157
106 224
106 195
6 106
106 198
23 106
29 106
30 106
106 165
53 106
54 106
61 106
106 236
78 106
80 106
96 106
101 106
102 106
106 205
106 110
106 111
106 113
106 210
106 119
106 212
106 217
106 127
106 129
106 130
106 131
106 132
106 133
106 135
106 193
106 144
106 145
106 147
106 149
106 150
106 152
106 155
106 156
106 214
106 158
2 176
1 176
176 195
6 176
176 196
21 176
28 176
162 176
37 176
163 176
40 176
165 176
176 189
176 220
56 176
83 176
96 176
97 176
176 204
176 207
108 176
116 176
125 176
176 181
129 176
130 176
176 193
139 176
176 184
147 176
149 176
152 176
153 176
155 176
156 176
107 196
107 197
23 107
29 107
31 107
107 162
107 189
53 107
56 107
59 107
107 236
78 107
107 173
96 107
101 107
107 204
107 192
107 207
107 229
107 110
107 111
107 178
107 209
107 115
107 116
107 118
107 180
107 121
107 123
107 124
107 125
107 126
107 127
107 130
107 132
107 133
107 135
107 193
107 136
107 138
107 139
107 142
107 213
107 185
107 145
107 148
107 153
107 233
107 154
107 156
107 187
107 188
107 158
96 195
96 197
96 215
96 162
34 96
96 235
40 96
46 96
96 165
96 189
96 220
96 199
61 96
77 96
78 96
83 96
96 98
96 222
96 101
96 204
96 216
96 207
96 108
96 228
96 109
96 110
96 111
96 178
96 113
96 114
96 209
96 116
96 117
96 118
96 119
96 212
96 180
96 217
96 121
96 124
96 125
96 181
96 127
96 129
96 130
96 131
96 182
96 134
96 193
96 136
96 137
96 138
96 140
96 141
96 142
96 185
96 143
96 144
96 146
96 147
96 154
96 214
29 108
108 219
108 165
108 189
50 108
108 201
53 108
59 108
108 221
108 171
61 108
68 108
83 108
97 108
101 108
108 205
108 237
108 208
108 109
108 111
108 112
108 116
108 179
108 118
108 217
108 121
108 122
108 124
108 125
108 181
108 127
108 129
108 132
108 182
108 134
108 137
108 138
108 140
108 184
108 142
108 143
108 144
108 145
108 149
108 152
108 154
108 155
108 187
108 188
108 158
110 197
110 198
31 110
110 165
110 220
53 110
57 110
59 110
110 221
78 110
83 110
101 110
110 205
110 177
110 207
110 228
109 110
110 230
110 112
110 113
110 114
110 209
110 116
110 179
110 117
110 120
110 212
110 223
110 217
110 125
110 126
110 181
110 127
110 130
110 131
110 132
110 182
110 134
110 139
110 213
110 185
110 147
110 232
110 152
110 194
110 156
110 187
110 188
110 157
110 158
2 101
19 101
31 101
101 162
101 163
40 101
101 189
101 167
101 171
61 101
101 236
78 101
83 101
91 101
101 178
101 116
101 119
101 120
101 181
101 129
101 182
101 133
101 135
101 140
101 141
101 143
101 145
101 146
101 148
101 152
101 194
101 158
31 111
43 111
111 220
50 111
111 221
61 111
78 111
111 237
111 112
111 113
111 115
111 116
111 117
111 122
111 123
111 132
111 136
111 139
111 140
111 185
111 144
111 156
111 187
111 158
2 112
112 198
23 112
29 112
31 112
40 112
45 112
112 165
53 112
112 171
78 112
83 112
84 112
112 222
112 205
112 228
112 117
112 118
112 122
112 125
112 129
112 130
112 131
112 132
112 193
112 141
112 184
112 185
112 143
112 145
112 148
112 152
112 153
112 154
112 186
112 155
112 156
112 188
112 158
9 230
10 230
12 230
17 230
27 230
35 230
44 230
63 230
71 230
111 230
114 230
118 230
130 230
135 230
136 230
141 230
213 230
152 230
154 230
214 230
158 230
113 198
113 226
113 219
40 113
113 189
113 220
53 113
56 113
59 113
77 113
113 173
113 174
113 205
113 177
113 227
113 207
113 228
113 208
113 116
113 117
113 118
113 212
113 223
113 121
113 124
113 125
113 126
113 181
113 129
113 130
113 134
113 135
113 193
113 136
113 137
113 141
113 142
113 185
113 143
113 144
113 145
113 146
113 150
113 154
113 155
113 194
113 188
113 157
113 158
115 224
115 197
115 198
31 115
34 115
36 115
115 235
115 219
45 115
115 165
115 189
115 201
115 167
115 169
56 115
59 115
115 221
115 171
115 203
115 236
78 115
115 174
83 115
97 115
98 115
115 222
115 204
115 205
115 216
115 177
115 237
115 208
109 115
115 178
115 116
115 210
115 117
115 119
115 180
115 217
115 231
115 122
115 123
115 124
115 181
115 127
115 129
115 130
115 182
115 133
115 135
115 137
115 139
115 140
115 141
115 184
115 185
115 145
115 146
115 147
115 148
115 150
115 152
115 153
115 154
115 155
115 194
115 187
115 157
114 224
114 198
29 114
36 114
114 189
114 220
114 167
114 168
114 171
114 236
68 114
78 114
114 174
83 114
97 114
114 207
114 228
109 114
114 178
114 116
114 179
114 210
114 119
114 212
114 180
114 223
114 124
114 125
114 181
114 129
114 130
114 131
114 132
114 182
114 133
114 134
114 238
114 193
114 136
114 184
114 213
114 144
114 146
114 147
114 148
114 149
114 150
114 154
114 155
114 194
114 214
114 187
114 188
114 157
78 224
78 195
78 197
20 78
78 215
78 198
29 78
31 78
78 226
34 78
78 163
40 78
78 199
78 201
78 169
57 78
59 78
78 97
78 98
78 222
78 216
78 208
78 179
78 117
78 119
78 120
78 212
78 223
78 217
78 231
78 121
78 122
78 124
78 126
78 181
78 129
78 131
78 132
78 133
78 134
78 238
78 136
78 137
78 141
78 184
78 185
78 143
78 144
78 152
78 153
78 154
78 156
78 214
78 187
78 188
2 98
98 159
98 196
19 98
23 98
25 98
26 98
31 98
37 98
98 163
98 219
40 98
98 165
48 98
98 220
50 98
98 167
56 98
60 98
61 98
62 98
98 190
84 98
88 98
97 98
98 106
98 176
98 178
98 180
98 122
98 123
98 124
98 125
98 129
98 132
98 182
98 134
98 135
98 193
98 137
98 138
98 140
98 142
98 144
98 145
98 150
98 154
98 156
116 215
31 116
116 162
116 235
40 116
116 165
50 116
116 167
53 116
56 116
59 116
116 171
61 116
68 116
83 116
97 116
116 205
116 192
116 207
116 237
116 228
116 229
109 116
116 178
116 210
116 118
116 180
116 217
116 231
116 121
116 124
116 126
116 131
116 135
116 144
116 148
116 150
116 153
116 218
116 156
116 214
116 188
2 117
31 117
40 117
43 117
117 189
117 167
53 117
117 169
117 171
68 117
117 192
117 177
117 124
117 126
117 181
117 127
117 132
117 133
117 135
117 136
117 137
117 141
117 184
117 143
117 144
117 149
117 153
117 188
117 157
117 158
2 118
118 224
28 118
31 118
36 118
118 235
118 163
118 165
118 220
53 118
118 169
56 118
118 171
118 175
97 118
118 205
118 216
118 177
109 118
118 120
118 231
118 121
118 124
118 125
118 127
118 129
118 130
118 132
118 182
118 133
118 134
118 193
118 138
118 140
118 141
118 184
118 143
118 149
118 150
118 158
20 119
119 215
119 198
29 119
31 119
119 162
40 119
119 189
119 199
53 119
119 169
56 119
57 119
119 221
61 119
77 119
83 119
97 119
119 227
119 208
119 210
119 120
119 180
119 223
119 121
119 122
119 124
119 181
119 127
119 129
119 130
119 134
119 135
119 137
119 138
119 140
119 141
119 142
119 144
119 145
119 146
119 148
119 149
119 150
119 152
119 154
119 194
119 188
119 158
120 195
10 120
14 120
120 198
21 120
30 120
120 235
120 219
40 120
46 120
47 120
120 220
53 120
120 168
56 120
59 120
120 221
61 120
120 190
87 120
120 222
120 204
120 206
120 216
106 120
120 176
120 208
111 120
113 120
120 209
120 179
117 120
120 180
120 126
120 181
120 182
120 134
120 135
120 137
120 139
120 141
120 142
120 144
120 149
120 150
120 152
120 153
120 154
120 194
120 156
120 187
120 158
160 180
19 180
29 180
48 180
53 180
170 180
61 180
180 236
63 180
64 180
65 180
67 180
76 180
77 180
91 180
180 205
108 180
180 208
180 229
180 209
180 223
180 217
123 180
180 181
127 180
129 180
131 180
180 182
180 193
136 180
138 180
180 185
143 180
145 180
180 232
152 180
155 180
156 180
158 180
2 217
198 217
29 217
31 217
41 217
59 217
65 217
77 217
79 217
83 217
89 217
102 217
107 217
217 223
127 217
130 217
133 217
193 217
138 217
213 217
145 217
149 217
156 217
6 121
10 121
12 121
121 196
121 197
25 121
28 121
121 162
34 121
121 163
121 189
121 199
54 121
121 170
61 121
121 236
67 121
75 121
76 121
77 121
80 121
87 121
94 121
98 121
121 222
99 121
121 204
103 121
121 227
121 208
112 121
121 124
121 125
121 126
121 127
121 130
121 135
121 193
121 137
121 138
121 142
121 143
121 144
121 148
121 152
121 154
121 155
121 188
121 158
187 195
159 187
7 187
16 187
19 187
187 215
21 187
187 221
77 187
187 204
187 216
131 187
137 187
141 187
142 187
187 213
143 187
152 187
154 187
158 187
22 123
123 168
123 176
123 210
123 223
123 125
123 131
123 133
123 184
123 143
123 144
123 145
123 152
123 153
123 158
124 198
40 124
124 189
53 124
124 169
56 124
124 171
77 124
124 239
124 216
124 177
124 237
109 124
124 211
124 127
124 129
124 132
124 133
124 134
124 135
124 136
124 137
124 140
124 141
124 184
124 213
124 185
124 143
124 144
124 145
124 146
124 148
124 153
124 154
124 155
124 194
124 156
124 188
124 157
124 158
125 195
5 125
13 125
31 125
125 162
40 125
47 125
125 165
125 220
125 167
54 125
56 125
125 171
68 125
125 237
125 178
125 210
125 126
125 127
125 129
125 130
125 131
125 134
125 193
125 136
125 137
125 144
125 145
125 148
125 149
125 153
125 233
125 156
125 158
2 126
14 126
126 196
30 126
31 126
34 126
36 126
40 126
126 189
50 126
56 126
57 126
59 126
60 126
61 126
126 236
126 174
83 126
91 126
93 126
97 126
126 222
101 126
126 204
126 227
126 228
114 126
126 179
126 210
126 231
122 126
123 126
126 181
126 127
126 131
126 133
126 134
126 193
126 139
126 142
126 185
126 143
126 145
126 146
126 232
126 152
126 186
126 194
126 156
126 188
129 197
129 215
129 226
40 129
129 201
129 167
129 171
83 129
129 205
129 228
129 179
129 211
129 130
129 131
129 133
129 134
129 138
129 139
129 141
129 185
129 145
129 149
129 152
129 153
129 154
129 156
129 188
129 158
1 181
181 224
4 181
5 181
16 181
181 215
28 181
29 181
31 181
162 181
181 219
45 181
165 181
49 181
181 201
167 181
168 181
57 181
181 221
61 181
181 236
62 181
181 190
173 181
83 181
84 181
91 181
93 181
97 181
98 181
181 205
181 216
107 181
181 207
181 228
111 181
181 209
181 212
181 223
181 231
122 181
127 181
132 181
133 181
135 181
181 238
136 181
137 181
140 181
141 181
181 184
143 181
145 181
146 181
149 181
152 181
154 181
181 194
181 214
181 187
181 188
3 130
130 195
10 130
19 130
20 130
21 130
23 130
130 226
36 130
130 235
40 130
130 165
130 168
130 169
56 130
59 130
130 221
61 130
130 203
130 236
77 130
130 174
83 130
91 130
130 222
130 216
130 177
130 227
130 237
130 208
109 130
111 130
130 212
130 231
122 130
127 130
130 193
130 137
130 139
130 141
130 142
130 213
130 185
130 143
130 148
130 152
130 153
130 234
130 154
130 155
130 188
130 157
132 224
132 195
132 197
20 132
132 225
30 132
34 132
36 132
132 189
53 132
56 132
57 132
59 132
60 132
132 171
61 132
132 203
68 132
77 132
97 132
132 204
132 205
132 216
132 177
132 227
132 207
109 132
132 210
132 212
132 180
132 182
132 134
132 136
132 138
132 139
132 141
132 185
132 144
132 145
132 146
132 232
132 148
132 149
132 150
132 153
132 154
132 155
132 188
195 215
161 215
32 215
50 215
54 215
171 215
215 236
62 215
77 215
97 215
204 215
108 215
178 215
125 215
127 215
135 215
136 215
185 215
144 215
145 215
152 215
20 133
31 133
133 162
133 226
133 235
133 163
133 220
50 133
56 133
57 133
133 221
133 171
68 133
133 173
83 133
133 222
133 205
133 229
109 133
133 178
133 210
133 231
122 133
133 134
133 193
133 136
133 138
133 141
133 184
133 142
133 213
133 147
133 152
133 153
133 154
133 156
133 187
133 188
133 157
135 224
135 197
20 135
135 198
29 135
31 135
135 235
40 135
135 169
56 135
59 135
68 135
83 135
97 135
135 222
135 240
135 205
135 216
135 207
109 135
135 209
135 231
122 135
135 182
135 193
135 136
135 137
135 138
135 140
135 141
135 184
135 145
135 146
135 148
135 149
135 152
135 154
135 194
135 156
135 157
31 224
10 31
31 215
29 31
31 162
31 226
31 219
31 40
31 43
31 220
31 167
31 56
31 59
31 221
31 171
31 236
31 68
31 97
31 222
31 204
31 192
31 208
31 178
31 210
31 212
31 223
31 127
31 131
31 182
31 134
31 136
31 138
31 139
31 184
31 142
31 185
31 143
31 145
31 149
31 194
31 188
31 158
2 169
8 169
12 169
169 196
169 225
27 169
30 169
32 169
37 169
38 169
43 169
45 169
169 189
169 220
50 169
63 169
65 169
68 169
102 169
105 169
106 169
107 169
111 169
169 210
169 181
127 169
129 169
138 169
141 169
169 213
148 169
155 169
156 169
169 187
169 188
157 169
11 193
170 193
77 193
100 193
102 193
193 216
129 193
131 193
137 193
185 193
143 193
144 193
149 193
155 193
156 193
137 195
137 197
137 198
137 162
137 226
34 137
137 163
137 219
137 165
137 189
50 137
53 137
56 137
57 137
59 137
137 221
61 137
137 236
77 137
83 137
97 137
137 205
137 216
137 177
137 228
109 137
137 178
137 209
137 179
137 212
137 223
137 231
131 137
137 182
136 137
137 138
137 140
137 141
137 213
137 143
137 145
137 146
137 147
137 148
137 149
137 150
137 152
137 153
137 154
137 214
137 188
137 157
137 158
138 197
138 198
34 138
138 165
50 138
138 221
138 171
138 203
77 138
83 138
97 138
138 216
138 227
138 207
138 228
138 178
138 210
138 231
131 138
134 138
136 138
138 140
138 142
138 185
138 143
138 144
138 146
138 147
138 232
138 148
138 149
138 152
138 153
138 154
138 194
138 188
138 158
139 196
23 139
139 165
139 189
139 167
139 171
139 203
83 139
97 139
139 205
139 223
127 139
134 139
136 139
139 140
139 184
139 144
139 145
139 146
139 147
139 148
139 149
139 150
139 152
139 153
139 154
141 195
20 141
141 198
29 141
40 141
141 189
50 141
141 201
141 167
56 141
59 141
141 221
141 171
83 141
141 222
141 205
107 141
141 227
141 207
141 228
109 141
141 209
141 179
131 141
141 182
136 141
141 184
141 142
141 213
141 143
141 232
141 150
141 152
141 154
141 194
141 188
141 157
2 150
16 150
19 150
150 198
23 150
25 150
30 150
36 150
150 219
150 165
48 150
53 150
59 150
150 236
77 150
150 173
83 150
91 150
93 150
100 150
150 205
107 150
109 150
110 150
150 212
125 150
127 150
136 150
144 150
145 150
146 150
148 150
149 150
150 152
150 153
150 156
1 184
4 184
160 184
19 184
162 184
163 184
171 184
65 184
77 184
80 184
83 184
184 222
107 184
184 207
111 184
179 184
127 184
129 184
184 185
143 184
144 184
145 184
152 184
184 218
14 213
21 213
49 213
190 213
77 213
91 213
108 213
112 213
119 213
131 213
143 213
152 213
154 213
155 213
2 185
1 185
185 195
4 185
185 198
23 185
24 185
25 185
29 185
163 185
40 185
185 220
185 201
59 185
61 185
185 203
185 236
174 185
83 185
88 185
91 185
102 185
185 216
185 208
109 185
185 231
123 185
127 185
131 185
140 185
185 213
143 185
144 185
147 185
149 185
154 185
155 185
157 185
158 185
2 144
29 144
144 163
144 189
53 144
144 171
144 172
61 144
77 144
83 144
144 204
144 205
144 178
127 144
134 144
144 145
144 146
144 148
144 153
144 154
144 155
145 195
20 145
30 145
145 162
145 235
145 163
50 145
145 201
145 167
61 145
97 145
145 240
145 205
145 216
145 227
145 228
145 208
109 145
145 230
145 178
145 179
145 212
145 231
127 145
131 145
140 145
142 145
145 147
145 148
145 152
145 153
145 154
145 155
145 194
145 188
145 158
10 143
143 162
143 235
40 143
143 165
143 189
56 143
57 143
68 143
83 143
143 239
143 237
109 143
143 178
143 223
143 231
122 143
127 143
143 182
143 238
140 143
143 148
143 149
143 154
143 155
143 194
143 156
143 214
143 188
143 157
143 158
20 148
148 162
148 171
61 148
148 174
82 148
83 148
111 148
148 223
129 148
134 148
148 184
148 152
148 153
148 155
148 187
148 158
149 224
20 149
149 198
149 162
149 235
149 163
149 219
40 149
149 220
50 149
149 167
53 149
57 149
61 149
149 174
97 149
149 222
149 205
149 192
149 228
109 149
149 178
149 209
127 149
149 238
146 149
147 149
149 153
149 154
149 194
152 224
152 195
20 152
152 198
29 152
152 235
152 163
152 165
152 189
152 220
50 152
152 167
152 171
77 152
152 205
152 207
152 228
109 152
152 209
152 210
152 212
127 152
152 182
147 152
152 232
152 154
152 155
152 194
152 157
152 158
153 224
153 197
28 153
153 226
153 163
40 153
45 153
153 189
50 153
153 167
56 153
153 172
153 175
153 204
153 216
122 153
127 153
136 153
153 184
142 153
155 195
155 197
155 163
40 155
155 165
53 155
56 155
155 171
68 155
155 173
155 174
83 155
155 222
155 205
155 216
155 179
155 212
155 223
127 155
136 155
139 155
154 155
155 194
155 188
155 158
20 154
154 162
154 226
34 154
154 235
154 163
40 154
154 165
154 220
50 154
154 201
53 154
97 154
154 216
154 227
154 207
154 178
154 209
154 179
154 223
154 231
122 154
127 154
131 154
154 182
134 154
154 238
140 154
146 154
147 154
154 194
154 156
154 188
154 157
195 216
35 216
37 216
163 216
40 216
41 216
189 216
167 216
65 216
76 216
77 216
91 216
100 216
101 216
204 216
113 216
209 216
116 216
212 216
136 216
214 216
158 216
131 162
131 163
131 220
59 131
131 171
83 131
109 131
131 179
127 131
131 134
131 194
131 188
131 157
131 158
2 188
6 188
188 215
162 188
37 188
40 188
164 188
188 189
188 200
171 188
77 188
83 188
91 188
188 204
177 188
188 212
127 188
182 188
134 188
188 193
136 188
140 188
142 188
188 194
157 188
158 188
156 163
156 219
40 156
53 156
54 156
77 156
84 156
156 239
156 222
156 205
156 216
156 177
156 229
156 210
156 212
123 156
127 156
147 156
156 232
148 156
156 158
5 134
134 160
134 197
134 162
34 134
36 134
40 134
45 134
134 220
134 171
134 172
68 134
77 134
134 173
83 134
84 134
92 134
97 134
134 204
134 205
106 134
134 177
134 227
134 228
111 134
134 210
134 182
134 136
134 142
134 157
5 157
157 196
157 198
37 157
40 157
45 157
157 189
50 157
157 166
53 157
54 157
57 157
157 171
157 172
61 157
83 157
157 205
157 208
112 157
157 210
157 212
127 157
157 193
136 157
157 184
147 157
157 194
