241
1 4
1 5
1 6
1 11
1 13
1 14
1 15
1 16
1 19
1 20
1 23
1 26
1 31
1 33
1 34
1 35
1 36
1 37
2 39
4 39
5 39
6 39
7 39
8 39
9 39
10 39
17 39
19 39
22 39
39 40
24 39
27 39
28 39
29 39
31 39
32 39
33 39
36 39
8 41
11 41
12 41
13 41
14 41
16 41
20 41
23 41
25 41
26 41
28 41
30 41
32 41
36 41
37 41
2 3
2 44
2 5
2 47
2 50
2 51
2 53
2 55
2 58
2 60
2 17
2 23
2 67
2 68
2 27
2 28
2 69
2 30
2 32
2 72
2 73
2 33
2 34
2 36
2 77
2 42
2 80
3 80
80 81
8 80
9 80
10 80
12 80
19 80
21 80
25 80
28 80
80 82
29 80
30 80
31 80
32 80
33 80
35 80
36 80
38 80
3 43
4 43
5 43
10 43
11 43
12 43
13 43
17 43
18 43
19 43
22 43
23 43
40 43
24 43
25 43
30 43
31 43
32 43
34 43
36 43
37 43
42 43
5 83
9 83
10 83
12 83
16 83
17 83
19 83
23 83
27 83
30 83
31 83
32 83
35 83
37 83
3 44
44 81
7 44
10 44
13 44
14 44
17 44
19 44
25 44
26 44
29 44
30 44
31 44
34 44
35 44
36 44
4 45
5 45
45 81
10 45
12 45
13 45
15 45
18 45
19 45
22 45
23 45
40 45
24 45
25 45
28 45
45 82
29 45
31 45
32 45
34 45
37 45
38 45
42 45
2 6
4 6
6 85
6 86
6 47
6 7
6 49
6 93
6 96
6 97
6 51
6 11
6 99
6 101
6 104
6 53
6 54
6 105
6 12
6 56
6 109
6 111
6 58
6 59
6 112
6 14
6 60
6 16
6 18
6 63
6 117
6 118
6 119
6 120
6 122
6 123
6 127
6 65
6 24
6 129
6 25
6 131
6 26
6 67
6 132
6 133
6 134
6 136
6 137
6 28
6 29
6 142
6 143
6 144
6 71
6 72
6 73
6 150
6 151
6 74
6 33
6 34
6 152
6 153
6 154
6 38
6 155
6 156
6 157
6 79
6 159
6 42
6 160
6 161
17 163
31 163
37 163
3 165
3 87
3 88
3 89
3 49
3 167
3 93
3 95
3 97
3 11
3 52
3 169
3 103
3 104
3 53
3 54
3 105
3 107
3 172
3 108
3 111
3 58
3 59
3 112
3 16
3 62
3 63
3 22
3 118
3 174
3 121
3 122
3 23
3 124
3 127
3 24
3 128
3 177
3 68
3 69
3 29
3 141
3 142
3 143
3 144
3 146
3 32
3 72
3 147
3 148
3 75
3 33
3 34
3 35
3 153
3 36
3 37
3 76
3 157
3 79
3 159
3 160
10 84
16 84
17 84
28 84
37 84
4 83
4 5
4 81
4 85
4 87
4 88
4 7
4 49
4 92
4 184
4 50
4 94
4 96
4 51
4 11
4 100
4 101
4 102
4 169
4 103
4 187
4 53
4 54
4 190
4 106
4 55
4 56
4 57
4 192
4 193
4 111
4 14
4 60
4 61
4 114
4 17
4 19
4 62
4 115
4 20
4 119
4 194
4 121
4 126
4 24
4 129
4 175
4 25
4 130
4 66
4 67
4 132
4 68
4 197
4 178
4 198
4 27
4 136
4 138
4 28
4 29
4 141
4 200
4 201
4 142
4 203
4 204
4 144
4 145
4 72
4 147
4 180
4 148
4 73
4 33
4 35
4 152
4 153
4 37
4 38
4 207
4 156
4 76
4 208
4 209
4 159
4 42
4 161
5 164
5 46
5 81
5 47
5 212
5 182
5 88
5 7
5 213
5 8
5 49
5 92
5 9
5 183
5 214
5 50
5 94
5 168
5 95
5 51
5 11
5 99
5 185
5 102
5 104
5 188
5 215
5 12
5 107
5 173
5 56
5 108
5 191
5 109
5 110
5 192
5 59
5 13
5 15
5 113
5 114
5 17
5 19
5 63
5 20
5 21
5 22
5 117
5 64
5 118
5 122
5 23
5 123
5 125
5 126
5 65
5 24
5 131
5 66
5 176
5 195
5 218
5 133
5 219
5 135
5 27
5 136
5 179
5 138
5 28
5 69
5 82
5 141
5 70
5 199
5 200
5 30
5 205
5 144
5 31
5 32
5 71
5 72
5 147
5 148
5 150
5 74
5 75
5 33
5 34
5 35
5 152
5 36
5 38
5 156
5 76
5 77
5 158
5 79
5 209
5 159
5 223
5 162
7 46
8 46
12 46
13 46
15 46
16 46
17 46
19 46
20 46
21 46
23 46
40 46
26 46
33 46
34 46
35 46
36 46
42 46
2 89
7 89
8 89
9 89
12 89
13 89
14 89
15 89
16 89
17 89
19 89
21 89
23 89
24 89
27 89
31 89
34 89
35 89
37 89
6 164
8 164
10 164
12 164
17 164
19 164
20 164
23 164
26 164
28 164
29 164
31 164
32 164
35 164
36 164
37 164
8 165
12 165
14 165
19 165
24 165
26 165
27 165
30 165
32 165
37 165
49 81
52 81
54 81
58 81
61 81
62 81
66 81
81 140
30 81
31 81
32 81
72 81
75 81
35 81
78 81
81 162
12 87
17 87
20 87
27 87
28 87
30 87
31 87
36 87
2 99
11 99
14 99
20 99
22 99
23 99
28 99
30 99
33 99
35 99
36 99
7 85
9 85
10 85
11 85
12 85
14 85
15 85
16 85
20 85
22 85
24 85
25 85
26 85
27 85
31 85
35 85
36 85
38 85
42 85
7 86
14 86
18 86
24 86
25 86
30 86
31 86
33 86
34 86
35 86
37 86
38 86
6 181
8 181
16 181
19 181
20 181
24 181
27 181
31 181
36 181
7 47
10 47
11 47
12 47
13 47
14 47
21 47
40 47
24 47
28 47
47 82
31 47
33 47
35 47
36 47
2 166
7 166
8 166
11 166
13 166
15 166
16 166
17 166
22 166
27 166
31 166
32 166
33 166
36 166
37 166
8 48
11 48
12 48
13 48
14 48
17 48
21 48
22 48
24 48
25 48
26 48
27 48
28 48
34 48
35 48
36 48
37 48
10 213
12 213
14 213
16 213
21 213
23 213
25 213
35 213
2 8
8 212
8 88
7 8
8 213
8 90
8 49
8 91
8 9
8 183
8 214
8 50
8 96
8 11
8 102
8 104
8 106
8 107
8 191
8 110
8 193
8 111
8 58
8 13
8 15
8 60
8 16
8 61
8 113
8 114
8 62
8 63
8 20
8 116
8 117
8 64
8 174
8 119
8 23
8 123
8 125
8 127
8 131
8 195
8 134
8 68
8 27
8 28
8 69
8 140
8 200
8 143
8 205
8 146
8 71
8 72
8 180
8 73
8 150
8 74
8 33
8 35
8 152
8 36
8 154
8 156
8 77
8 158
8 79
8 209
8 42
81 91
10 91
11 91
16 91
22 91
23 91
27 91
28 91
32 91
33 91
2 209
9 209
13 209
16 209
20 209
24 209
25 209
27 209
29 209
30 209
31 209
32 209
33 209
37 209
7 49
9 49
10 49
11 49
12 49
13 49
16 49
18 49
19 49
21 49
22 49
24 49
25 49
26 49
27 49
49 82
35 49
36 49
9 92
17 92
28 92
2 90
3 90
7 90
10 90
12 90
14 90
15 90
19 90
20 90
25 90
26 90
32 90
35 90
36 90
7 93
11 93
12 93
13 93
16 93
18 93
21 93
22 93
26 93
27 93
28 93
29 93
30 93
32 93
33 93
34 93
35 93
36 93
38 93
10 182
10 88
9 10
10 50
10 225
10 226
10 96
10 97
10 52
10 100
10 169
10 103
10 186
10 187
10 54
10 215
10 190
10 106
10 55
10 107
10 108
10 110
10 193
10 111
10 58
10 13
10 60
10 16
10 61
10 114
10 17
10 18
10 62
10 63
10 117
10 174
10 120
10 121
10 23
10 40
10 123
10 126
10 127
10 65
10 128
10 229
10 175
10 25
10 130
10 26
10 230
10 66
10 176
10 195
10 231
10 135
10 179
10 69
10 140
10 82
10 232
10 70
10 199
10 202
10 203
10 204
10 30
10 145
10 146
10 31
10 32
10 72
10 147
10 148
10 73
10 75
10 34
10 35
10 152
10 222
10 153
10 36
10 154
10 155
10 207
10 156
10 76
10 77
10 78
10 79
10 159
10 42
10 160
10 234
10 162
7 58
9 58
16 58
17 58
19 58
20 58
21 58
22 58
25 58
27 58
28 58
29 58
31 58
32 58
33 58
42 58
7 50
9 50
12 50
14 50
16 50
17 50
21 50
23 50
24 50
25 50
50 82
30 50
36 50
38 50
9 194
13 194
16 194
17 194
19 194
22 194
26 194
28 194
82 194
30 194
31 194
35 194
36 194
37 194
3 94
13 94
14 94
18 94
20 94
23 94
25 94
27 94
30 94
31 94
35 94
36 94
37 94
11 168
12 168
13 168
14 168
16 168
18 168
20 168
22 168
23 168
25 168
27 168
29 168
31 168
33 168
37 168
9 96
12 96
13 96
14 96
15 96
16 96
17 96
19 96
20 96
24 96
25 96
32 96
33 96
35 96
36 96
2 97
7 97
11 97
13 97
14 97
15 97
19 97
21 97
40 97
25 97
27 97
28 97
82 97
31 97
32 97
33 97
34 97
38 97
42 97
2 113
81 113
11 113
12 113
15 113
19 113
20 113
21 113
23 113
25 113
27 113
28 113
29 113
30 113
31 113
32 113
33 113
42 113
13 226
17 226
23 226
28 226
32 226
35 226
11 88
7 11
11 225
11 98
11 185
11 101
11 102
11 54
11 215
11 12
11 55
11 56
11 227
11 108
11 57
11 191
11 109
11 111
11 59
11 13
11 15
11 60
11 16
11 61
11 114
11 18
11 116
11 22
11 117
11 118
11 174
11 119
11 120
11 121
11 123
11 124
11 127
11 229
11 129
11 25
11 176
11 163
11 132
11 133
11 134
11 27
11 136
11 137
11 28
11 69
11 199
11 201
11 143
11 205
11 144
11 145
11 32
11 71
11 72
11 147
11 148
11 149
11 150
11 151
11 74
11 75
11 33
11 34
11 152
11 222
11 76
11 157
11 77
11 78
11 79
11 159
11 223
11 161
2 98
7 98
9 98
12 98
13 98
17 98
23 98
40 98
25 98
32 98
35 98
13 52
14 52
15 52
19 52
20 52
21 52
22 52
25 52
26 52
28 52
52 82
29 52
31 52
33 52
34 52
35 52
38 52
9 185
13 185
32 185
35 185
37 185
3 100
9 100
12 100
13 100
14 100
16 100
18 100
19 100
21 100
22 100
24 100
30 100
31 100
32 100
33 100
35 100
38 100
9 101
13 101
15 101
19 101
20 101
22 101
40 101
28 101
30 101
31 101
32 101
33 101
34 101
35 101
36 101
37 101
2 102
81 102
12 102
17 102
20 102
40 102
24 102
25 102
27 102
31 102
34 102
35 102
36 102
7 77
9 77
15 77
18 77
19 77
20 77
28 77
30 77
32 77
33 77
34 77
37 77
2 237
3 237
81 237
7 237
8 237
10 237
12 237
15 237
17 237
18 237
19 237
20 237
22 237
23 237
40 237
24 237
25 237
27 237
28 237
82 237
30 237
31 237
32 237
33 237
35 237
36 237
37 237
14 103
15 103
16 103
17 103
20 103
23 103
24 103
26 103
28 103
29 103
30 103
31 103
42 103
7 104
9 104
13 104
14 104
15 104
21 104
23 104
25 104
26 104
28 104
32 104
35 104
37 104
38 104
42 104
7 170
12 170
13 170
16 170
17 170
19 170
20 170
22 170
23 170
24 170
27 170
82 170
30 170
33 170
34 170
35 170
37 170
13 53
14 53
16 53
17 53
18 53
21 53
23 53
40 53
24 53
27 53
28 53
30 53
31 53
32 53
33 53
34 53
36 53
37 53
38 53
42 53
9 150
12 150
18 150
31 150
32 150
33 150
34 150
38 150
9 54
13 54
16 54
22 54
23 54
40 54
25 54
26 54
27 54
28 54
54 82
31 54
32 54
35 54
36 54
38 54
42 54
7 215
8 215
12 215
13 215
14 215
18 215
20 215
23 215
40 215
24 215
26 215
35 215
3 135
17 135
20 135
28 135
30 135
36 135
37 135
2 12
12 212
9 12
12 51
12 185
12 105
12 106
12 55
12 172
12 59
12 112
12 15
12 61
12 18
12 19
12 62
12 20
12 21
12 22
12 64
12 124
12 24
12 129
12 130
12 26
12 28
12 69
12 140
12 29
12 70
12 143
12 30
12 31
12 72
12 73
12 74
12 75
12 34
12 38
12 156
12 157
12 158
12 79
12 159
12 210
12 162
7 55
9 55
17 55
19 55
23 55
40 55
25 55
33 55
34 55
36 55
37 55
38 55
42 55
13 106
16 106
20 106
22 106
23 106
27 106
29 106
31 106
32 106
33 106
2 107
13 107
14 107
16 107
17 107
18 107
19 107
20 107
22 107
24 107
25 107
29 107
31 107
7 56
9 56
14 56
19 56
20 56
21 56
40 56
31 56
37 56
38 56
8 227
9 227
13 227
22 227
23 227
27 227
28 227
31 227
33 227
34 227
35 227
36 227
7 57
12 57
13 57
15 57
22 57
23 57
24 57
25 57
27 57
32 57
35 57
37 57
12 109
13 109
14 109
16 109
17 109
23 109
27 109
30 109
31 109
32 109
35 109
36 109
42 109
9 111
12 111
13 111
15 111
16 111
17 111
22 111
27 111
28 111
29 111
59 81
14 59
16 59
17 59
18 59
19 59
21 59
22 59
24 59
25 59
26 59
28 59
32 59
33 59
35 59
36 59
37 59
38 59
14 112
16 112
18 112
19 112
20 112
21 112
23 112
25 112
27 112
28 112
31 112
32 112
33 112
35 112
36 112
37 112
31 235
31 182
7 31
31 167
31 184
31 214
31 95
31 51
31 169
31 188
31 238
31 190
31 172
31 173
31 191
31 192
13 31
14 31
16 31
31 114
18 31
31 115
31 63
20 31
21 31
31 116
22 31
31 118
31 119
31 122
23 31
31 123
31 125
31 126
31 127
24 31
31 217
31 175
25 31
31 130
31 67
31 132
31 177
31 196
31 178
27 31
31 136
31 137
31 138
28 31
31 69
31 140
31 82
29 31
31 141
31 70
31 199
31 201
31 202
31 203
31 233
31 204
30 31
31 205
31 146
31 32
31 180
31 148
31 206
31 75
31 33
31 34
31 35
31 152
31 221
31 222
31 153
31 36
31 37
31 155
31 207
31 157
31 78
31 158
31 79
31 159
31 42
31 160
31 210
31 161
31 162
7 13
13 167
9 13
13 184
13 214
13 169
13 186
13 189
13 190
13 171
13 172
13 173
13 216
13 110
13 193
13 14
13 15
13 60
13 61
13 114
13 17
13 19
13 62
13 115
13 20
13 21
13 116
13 117
13 64
13 118
13 174
13 119
13 121
13 23
13 40
13 123
13 124
13 24
13 217
13 129
13 66
13 132
13 219
13 177
13 196
13 68
13 197
13 239
13 178
13 198
13 27
13 138
13 28
13 69
13 140
13 220
13 141
13 199
13 201
13 202
13 233
13 143
13 204
13 30
13 32
13 180
13 148
13 224
13 151
13 74
13 75
13 34
13 35
13 152
13 155
13 207
13 157
13 158
13 159
13 234
13 210
13 161
15 61
15 129
15 69
15 70
15 74
15 37
15 76
15 79
7 14
14 51
14 169
14 186
14 105
14 106
14 110
14 17
14 19
14 62
14 22
14 64
14 118
14 174
14 119
14 124
14 125
14 128
14 229
14 129
14 175
14 25
14 130
14 26
14 66
14 163
14 134
14 231
14 68
14 27
14 136
14 137
14 138
14 69
14 140
14 29
14 199
14 143
14 146
14 71
14 149
14 206
14 74
14 33
14 153
14 36
14 38
14 156
14 76
14 157
14 240
14 79
14 159
14 42
14 223
14 210
15 60
17 60
18 60
20 60
23 60
29 60
35 60
36 60
37 60
42 60
2 16
7 16
9 16
16 94
16 225
16 51
16 169
16 186
16 190
16 172
16 108
16 193
16 61
16 18
16 20
16 22
16 117
16 64
16 118
16 121
16 122
16 125
16 65
16 229
16 129
16 130
16 176
16 195
16 132
16 68
16 27
16 140
16 29
16 141
16 70
16 142
16 233
16 143
16 30
16 32
16 73
16 150
16 74
16 33
16 35
16 152
16 222
16 38
16 155
16 156
16 157
16 78
16 79
16 159
16 161
9 61
17 61
18 61
19 61
20 61
21 61
23 61
40 61
28 61
29 61
30 61
32 61
33 61
35 61
36 61
37 61
42 61
9 114
18 114
22 114
28 114
30 114
17 212
9 17
17 183
17 95
17 169
17 186
17 190
17 105
17 171
17 172
17 108
17 216
17 191
17 110
15 17
17 63
17 116
17 117
17 118
17 174
17 119
17 120
17 23
17 40
17 125
17 126
17 127
17 65
17 24
17 129
17 130
17 131
17 26
17 230
17 195
17 67
17 132
17 133
17 177
17 197
17 178
17 136
17 179
17 137
17 28
17 140
17 29
17 202
17 233
17 204
17 30
17 144
17 146
17 32
17 180
17 148
17 149
17 151
17 206
17 74
17 34
17 35
17 152
17 221
17 222
17 154
17 37
17 38
17 155
17 207
17 157
17 78
17 158
17 79
17 42
17 223
17 161
18 211
18 88
18 166
18 90
9 18
18 95
18 226
18 51
18 99
18 185
18 102
18 169
18 172
18 191
18 109
18 193
18 111
15 18
18 62
18 115
18 21
18 22
18 117
18 118
18 194
18 121
18 23
18 40
18 123
18 125
18 127
18 129
18 130
18 26
18 66
18 176
18 163
18 195
18 67
18 133
18 134
18 177
18 27
18 137
18 28
18 82
18 29
18 141
18 70
18 199
18 142
18 203
18 143
18 205
18 146
18 32
18 151
18 206
18 34
18 152
18 154
18 156
18 157
18 158
18 42
18 160
18 223
18 210
18 161
18 162
19 92
9 19
19 183
19 168
19 186
19 105
19 191
19 20
19 21
19 116
19 118
19 174
19 119
19 121
19 124
19 126
19 128
19 129
19 175
19 25
19 26
19 66
19 67
19 134
19 68
19 179
19 137
19 70
19 199
19 205
19 145
19 32
19 147
19 74
19 33
19 154
19 156
19 76
19 78
19 240
19 79
19 159
19 160
19 210
19 161
19 162
7 62
9 62
15 62
20 62
21 62
22 62
23 62
40 62
24 62
30 62
36 62
2 20
20 211
20 91
20 167
20 92
9 20
20 183
20 95
20 51
20 185
20 169
20 186
20 191
20 110
20 114
20 63
20 116
20 118
20 121
20 122
20 40
20 123
20 125
20 127
20 24
20 128
20 175
20 230
20 66
20 176
20 195
20 67
20 133
20 134
20 68
20 27
20 179
20 28
20 69
20 140
20 199
20 204
20 30
20 205
20 145
20 146
20 32
20 71
20 72
20 180
20 148
20 151
20 75
20 33
20 34
20 153
20 36
20 37
20 38
20 207
20 76
20 158
20 79
20 159
20 42
20 160
20 223
20 161
20 162
21 84
4 21
9 21
11 21
21 187
21 110
21 114
21 116
21 64
21 174
21 122
21 40
21 123
21 124
21 126
21 65
21 67
21 219
21 137
21 138
21 70
21 199
21 30
21 144
21 145
21 32
21 71
21 72
21 73
21 74
21 75
21 33
21 35
21 36
21 154
21 38
21 76
21 78
21 159
7 116
9 116
26 116
27 116
28 116
30 116
32 116
37 116
2 173
16 173
32 173
35 173
37 173
22 235
7 22
9 22
22 183
22 214
22 95
22 226
22 51
22 169
22 187
22 188
22 191
22 110
22 193
22 63
22 64
22 174
22 119
22 120
22 122
22 23
22 40
22 126
22 127
22 24
22 217
22 25
22 130
22 66
22 195
22 218
22 133
22 134
22 239
22 136
22 179
22 137
22 28
22 139
22 140
22 29
22 199
22 201
22 30
22 205
22 145
22 146
22 32
22 71
22 72
22 149
22 151
22 206
22 33
22 34
22 35
22 222
22 153
22 37
22 155
22 207
22 156
22 76
22 78
22 158
22 79
22 42
22 210
22 161
22 162
7 64
9 64
40 64
26 64
29 64
30 64
35 64
36 64
42 64
14 117
19 117
22 117
23 117
27 117
35 117
37 117
2 119
9 119
15 119
23 119
26 119
27 119
28 119
35 119
36 119
38 119
42 119
81 120
7 120
9 120
82 120
29 120
32 120
34 120
35 120
36 120
37 120
38 120
42 120
27 121
28 121
29 121
30 121
32 121
35 121
37 121
38 121
25 174
27 174
28 174
29 174
30 174
36 174
37 174
2 122
9 122
12 122
25 122
27 122
29 122
32 122
33 122
35 122
42 122
23 235
23 84
23 241
23 182
7 23
23 167
23 184
23 95
23 169
23 186
23 105
23 172
23 108
23 216
23 191
15 23
23 115
23 118
23 124
23 126
23 127
23 25
23 130
23 66
23 176
23 195
23 218
23 67
23 133
23 134
23 196
23 198
23 136
23 138
23 139
23 141
23 199
23 200
23 201
23 142
23 204
23 30
23 205
23 144
23 146
23 32
23 72
23 148
23 149
23 73
23 206
23 33
23 34
23 35
23 152
23 222
23 153
23 36
23 154
23 38
23 155
23 207
23 76
23 78
23 79
23 159
23 42
23 160
23 234
23 161
40 84
9 40
40 96
40 127
40 129
40 66
40 67
40 68
27 40
40 70
30 40
32 40
40 71
40 72
40 147
40 148
40 75
35 40
40 154
40 76
7 123
9 123
12 123
82 123
33 123
35 123
36 123
37 123
2 124
7 124
24 124
26 124
28 124
29 124
30 124
25 125
27 125
32 125
35 125
36 125
37 125
2 126
7 126
9 126
15 126
25 126
2 127
81 127
15 127
24 127
26 127
27 127
28 127
82 127
32 127
34 127
35 127
36 127
38 127
42 127
2 229
3 229
6 229
9 229
19 229
40 229
24 229
25 229
27 229
28 229
30 229
33 229
34 229
36 229
7 129
9 129
25 129
28 129
32 129
33 129
35 129
37 129
42 129
2 175
6 175
15 175
24 175
27 175
30 175
32 175
33 175
34 175
36 175
42 175
2 7
7 181
7 91
7 184
7 214
7 94
7 99
7 12
7 106
7 191
7 125
7 65
7 133
7 68
7 136
7 179
7 138
7 28
7 140
7 29
7 70
7 143
7 204
7 30
7 144
7 145
7 146
7 32
7 150
7 151
7 206
7 75
7 36
7 156
7 79
7 160
7 234
7 210
7 162
2 130
81 130
9 130
25 130
26 130
28 130
26 211
26 87
26 167
26 214
26 168
26 51
26 107
26 57
26 191
26 109
26 193
15 26
26 113
26 114
26 117
26 118
26 65
26 128
25 26
26 131
26 66
26 195
26 67
26 68
26 27
26 137
26 28
26 140
26 29
26 141
26 199
26 201
26 30
26 144
26 145
26 146
26 32
26 72
26 147
26 148
26 149
26 151
26 206
26 74
26 34
26 35
26 36
26 154
26 37
26 78
26 79
26 210
26 161
9 66
24 66
27 66
28 66
66 82
29 66
32 66
33 66
34 66
36 66
9 195
21 195
24 195
27 195
32 195
33 195
28 67
67 82
32 67
33 67
37 67
21 132
27 132
35 132
37 132
2 133
8 133
9 133
12 133
25 133
27 133
28 133
82 133
30 133
37 133
81 134
27 134
29 134
30 134
33 134
37 134
42 134
9 65
24 65
25 65
27 65
30 65
36 65
38 65
42 65
9 68
25 68
27 68
28 68
68 82
29 68
32 68
34 68
36 68
27 211
27 212
9 27
27 184
27 225
27 95
27 51
27 238
27 172
27 173
27 108
27 216
27 110
27 192
27 193
15 27
27 115
27 63
24 27
27 128
27 217
27 163
27 218
27 219
27 177
27 239
27 198
27 179
27 137
27 138
27 28
27 139
27 69
27 140
27 29
27 141
27 70
27 199
27 142
27 204
27 205
27 32
27 72
27 180
27 148
27 224
27 206
27 74
27 33
27 34
27 152
27 37
27 207
27 76
27 42
27 223
27 210
27 161
27 162
25 84
9 25
25 95
25 51
25 100
25 105
25 171
25 193
24 25
25 179
25 28
25 69
25 29
25 141
25 70
25 72
25 147
25 149
25 151
25 206
25 74
25 34
25 152
25 153
25 36
25 154
25 37
25 38
25 156
25 79
25 42
25 160
25 162
9 136
28 136
33 136
37 136
2 137
28 137
29 137
30 137
35 137
36 137
3 198
5 198
9 198
12 198
28 198
35 198
2 138
29 138
30 138
32 138
33 138
36 138
37 138
42 138
69 82
30 69
32 69
33 69
38 69
28 213
28 94
28 187
28 190
28 106
28 216
28 191
15 28
28 115
28 117
28 217
28 163
28 218
28 196
28 197
28 239
28 178
28 179
28 140
28 82
28 141
28 70
28 199
28 201
28 204
28 30
28 145
28 32
28 180
28 148
28 149
28 73
28 224
28 206
28 33
28 34
28 152
28 222
28 36
28 154
28 155
28 157
28 158
28 159
28 160
28 223
28 210
28 161
9 63
24 63
30 63
32 63
33 63
2 128
81 128
7 128
8 128
24 128
30 128
34 128
35 128
36 128
37 128
38 128
15 140
82 140
29 140
30 140
35 140
36 140
37 140
2 29
9 29
29 99
29 186
29 190
29 105
29 171
15 29
29 115
29 116
29 194
29 133
29 179
29 220
29 141
29 30
29 205
29 144
29 145
29 147
29 149
29 74
29 34
29 35
29 36
29 154
29 76
29 157
29 159
29 161
29 162
2 141
9 141
15 141
40 141
24 141
33 141
36 141
38 141
42 141
9 70
24 70
70 82
30 70
32 70
34 70
2 199
9 199
40 199
29 199
30 199
32 199
35 199
36 199
5 201
8 201
14 201
25 201
29 201
32 201
35 201
37 201
5 202
9 202
28 202
36 202
3 233
6 233
9 233
12 233
19 233
24 233
26 233
28 233
30 233
33 233
36 233
37 233
32 223
35 223
36 223
14 204
82 204
9 30
30 183
30 95
30 169
30 186
30 105
30 172
15 30
30 118
30 228
24 30
30 131
30 176
30 218
30 219
30 197
30 142
30 205
30 146
30 32
30 71
30 147
30 180
30 148
30 73
30 33
30 34
30 35
30 222
30 153
30 37
30 38
30 76
30 79
30 160
30 210
30 162
9 205
82 205
32 205
33 205
35 205
36 205
2 144
25 144
82 144
33 144
35 144
36 144
38 144
42 144
32 182
32 238
32 105
32 216
32 191
32 118
24 32
32 176
32 218
32 219
32 231
32 178
32 220
32 72
32 149
32 206
32 75
32 35
32 153
32 37
32 76
32 78
32 79
32 159
32 160
2 145
15 145
34 145
35 145
36 145
37 145
71 81
9 71
35 71
36 71
37 71
38 71
42 71
2 147
24 147
82 147
34 147
36 147
37 147
12 182
24 182
26 182
30 182
2 148
9 148
15 148
82 148
33 148
34 148
35 148
37 148
42 148
9 73
15 73
33 73
35 73
37 73
38 73
42 73
9 235
9 88
9 167
9 214
9 95
9 99
9 186
9 187
9 110
9 15
9 217
9 218
9 231
9 178
9 179
9 82
9 180
9 206
9 33
9 34
9 35
9 154
9 37
9 38
9 156
9 76
9 79
9 159
9 42
9 160
2 171
5 171
81 171
14 171
15 171
28 171
82 171
31 171
32 171
35 171
37 151
24 74
35 74
36 74
37 74
38 74
42 74
24 75
35 75
37 75
38 75
33 84
33 81
7 33
33 183
33 51
33 185
33 105
33 191
33 110
33 115
33 118
33 130
33 163
33 219
33 72
33 180
33 206
33 36
33 154
33 38
33 156
33 76
33 78
33 240
33 79
33 160
35 211
35 214
35 186
35 187
35 188
35 105
35 108
35 216
35 191
35 193
15 35
35 115
35 118
35 176
35 218
35 177
35 197
35 179
35 139
35 82
35 200
35 142
35 143
35 180
35 206
34 35
35 153
35 36
35 154
35 37
35 38
35 155
35 76
35 158
35 79
35 159
35 42
35 234
35 210
35 161
8 157
15 157
40 157
32 157
36 157
38 157
42 157
3 152
12 152
36 152
37 152
14 222
36 222
37 222
2 153
15 153
36 153
37 153
2 154
81 154
15 154
36 154
37 154
42 154
37 211
37 212
37 88
37 183
37 184
37 214
37 225
37 51
37 186
37 189
37 216
37 191
37 118
24 37
37 230
37 176
37 177
37 197
37 239
37 198
37 179
37 220
37 82
37 200
37 143
37 149
37 221
37 38
37 76
37 78
37 158
37 159
37 42
37 234
37 210
36 211
36 84
36 88
36 95
36 51
36 169
36 190
36 105
36 216
36 110
24 36
36 163
36 219
36 178
36 179
36 220
36 232
36 203
36 143
36 146
36 149
36 224
34 36
36 76
36 78
36 158
36 159
36 210
36 162
82 156
34 76
24 78
42 78
2 158
7 158
40 158
24 158
40 159
33 159
79 82
34 79
38 79
11 218
14 218
25 218
82 218
15 72
34 72
38 72
42 72
2 210
15 210
34 210
42 210
2 160
15 160
82 160
34 160
42 160
2 149
24 149
24 161
82 161
33 161
42 161
