240
1 3
1 4
1 5
1 7
1 8
1 9
1 10
1 11
1 13
1 14
1 15
1 17
1 23
1 24
25 26
4 25
6 25
7 25
10 25
12 25
25 32
13 25
25 33
25 34
17 25
19 25
20 25
22 25
2 41
3 41
28 41
7 41
8 41
10 41
12 41
32 41
16 41
37 41
18 41
19 41
39 41
22 41
24 41
2 42
10 42
11 42
15 42
16 42
37 42
19 42
20 42
22 42
24 42
26 43
4 43
5 43
7 43
9 43
11 43
12 43
14 43
16 43
43 44
35 43
36 43
18 43
21 43
22 43
23 43
24 43
40 43
43 45
27 46
11 46
37 46
20 46
22 46
3 47
26 47
4 47
5 47
29 47
30 47
6 47
7 47
9 47
10 47
12 47
33 47
15 47
16 47
34 47
36 47
18 47
20 47
22 47
23 47
40 47
45 47
3 49
4 49
5 49
29 49
30 49
8 49
9 49
31 49
11 49
13 49
15 49
44 49
37 49
17 49
18 49
19 49
21 49
39 49
23 49
40 49
4 51
4 53
4 56
4 59
4 60
4 62
4 8
4 67
4 69
4 9
4 72
4 11
4 12
4 32
4 15
4 75
4 79
4 82
4 35
4 84
4 85
4 86
4 37
4 88
4 91
4 18
4 92
4 94
4 95
4 96
4 97
4 99
4 39
4 22
4 104
4 45
4 107
4 108
6 109
7 109
9 109
11 109
12 109
15 109
19 109
22 109
23 109
24 109
3 50
3 111
3 55
3 56
3 59
3 113
3 114
3 118
3 60
3 61
3 62
3 119
3 121
3 122
3 63
3 64
3 65
3 8
3 66
3 67
3 124
3 69
3 71
3 9
3 11
3 73
3 125
3 127
3 128
3 74
3 14
3 33
3 75
3 78
3 130
3 16
3 81
3 131
3 35
3 36
3 87
3 17
3 89
3 93
3 95
3 136
3 97
3 137
3 100
3 21
3 39
3 22
3 23
3 24
3 40
3 139
3 101
3 102
3 45
3 107
6 51
7 51
9 51
31 51
11 51
12 51
37 51
22 51
24 51
2 26
1 26
26 27
26 112
26 141
26 142
26 57
26 58
26 29
26 114
6 26
26 146
7 26
26 61
26 148
26 120
26 63
26 64
8 26
26 153
26 154
26 67
26 68
26 155
26 69
26 70
26 71
26 31
26 126
26 74
26 129
26 157
26 75
26 78
26 159
26 79
26 162
26 81
26 83
26 133
26 86
17 26
26 38
26 90
26 91
26 166
19 26
20 26
26 96
26 100
22 26
26 169
23 26
26 170
26 103
26 105
26 173
26 174
27 50
2 27
1 27
27 52
27 175
27 176
27 53
27 54
27 178
27 55
27 56
27 179
6 27
27 115
27 116
27 117
27 146
27 182
27 148
27 119
27 149
27 120
27 150
27 64
27 151
27 186
27 152
27 187
27 67
27 123
27 192
27 193
27 194
27 156
27 71
9 27
27 72
11 27
27 125
27 126
14 27
27 129
27 158
27 130
27 160
16 27
27 79
27 162
27 80
27 81
27 34
27 131
27 163
27 196
27 36
27 198
27 84
27 109
27 199
27 200
27 201
27 203
27 134
27 206
27 207
27 37
27 87
27 164
27 165
27 38
27 90
27 91
27 212
27 166
27 135
27 214
27 96
27 97
27 215
27 99
21 27
22 27
27 169
27 216
27 217
23 27
27 40
27 139
27 101
27 103
27 104
27 171
27 105
27 218
27 140
27 219
27 107
27 174
27 108
30 112
6 112
7 112
12 112
32 112
13 112
15 112
16 112
37 112
18 112
19 112
23 112
24 112
2 52
28 52
29 52
30 52
6 52
10 52
31 52
11 52
13 52
14 52
33 52
34 52
37 52
17 52
18 52
19 52
39 52
22 52
24 52
30 58
6 58
7 58
31 58
32 58
13 58
14 58
33 58
16 58
36 58
37 58
18 58
19 58
20 58
21 58
22 58
24 58
45 58
9 54
11 54
16 54
37 54
19 54
22 54
24 54
2 148
29 148
7 148
10 148
11 148
13 148
14 148
15 148
16 148
17 148
23 148
4 176
6 176
7 176
9 176
10 176
12 176
37 176
21 176
23 176
31 142
12 142
16 142
37 142
19 142
20 142
2 53
29 53
30 53
9 53
31 53
11 53
12 53
13 53
14 53
33 53
15 53
16 53
35 53
37 53
48 53
38 53
19 53
21 53
39 53
22 53
24 53
40 53
2 57
28 57
5 57
6 57
7 57
8 57
9 57
11 57
13 57
33 57
16 57
44 57
35 57
36 57
17 57
18 57
19 57
39 57
23 57
24 57
45 57
1 29
29 111
29 142
29 56
29 30
29 116
29 146
29 118
29 60
29 61
29 62
29 149
29 65
8 29
29 154
29 68
9 29
10 29
11 29
29 125
13 29
29 128
14 29
29 159
29 130
29 81
29 34
29 131
29 35
29 36
29 84
29 201
29 133
29 204
29 206
17 29
29 210
29 91
29 46
29 135
29 93
29 95
29 96
29 97
29 168
29 99
21 29
29 169
24 29
29 40
29 170
29 102
29 104
29 171
29 105
29 106
29 45
7 113
10 113
16 113
37 113
18 113
20 113
22 113
23 113
5 218
6 218
7 218
10 218
12 218
15 218
16 218
44 218
38 218
20 218
21 218
22 218
29 143
9 143
13 143
16 143
36 143
37 143
19 143
20 143
22 143
23 143
29 144
8 144
12 144
13 144
14 144
15 144
16 144
44 144
17 144
38 144
20 144
21 144
22 144
23 144
24 144
28 59
5 59
6 59
11 59
33 59
15 59
44 59
35 59
36 59
38 59
19 59
39 59
22 59
40 59
45 59
30 145
6 145
9 145
11 145
12 145
15 145
16 145
37 145
17 145
24 145
40 145
2 114
4 114
30 114
11 114
32 114
15 114
34 114
35 114
18 114
21 114
23 114
24 114
6 50
6 175
6 141
6 178
6 56
5 6
6 179
6 30
6 180
6 116
6 222
6 118
6 147
6 61
6 62
6 119
6 150
6 185
6 64
6 65
6 152
6 8
6 187
6 153
6 188
6 190
6 123
6 69
6 70
6 71
6 10
6 73
6 13
6 127
6 128
6 14
6 15
6 157
6 78
6 159
6 130
6 160
6 195
6 131
6 163
6 35
6 196
6 197
6 83
6 200
6 85
6 205
6 37
6 87
6 208
6 165
6 17
6 88
6 211
6 91
6 229
6 230
6 212
6 135
6 214
6 20
6 95
6 96
6 98
6 168
6 99
6 100
6 21
6 39
6 22
6 169
6 216
6 217
6 138
6 24
6 40
6 139
6 170
6 104
6 45
6 220
6 173
6 107
6 108
2 69
30 69
7 69
9 69
31 69
11 69
12 69
32 69
14 69
33 69
15 69
44 69
34 69
37 69
17 69
19 69
39 69
24 69
2 116
4 116
28 116
5 116
8 116
10 116
12 116
13 116
33 116
15 116
44 116
36 116
17 116
19 116
20 116
21 116
23 116
40 116
7 159
9 159
11 159
12 159
16 159
36 159
37 159
38 159
18 159
19 159
22 159
23 159
9 222
10 222
11 222
12 222
35 222
18 222
9 182
2 118
5 118
9 118
11 118
12 118
32 118
13 118
33 118
15 118
35 118
17 118
38 118
19 118
20 118
22 118
2 60
5 60
8 60
10 60
11 60
13 60
14 60
15 60
34 60
35 60
17 60
18 60
19 60
20 60
39 60
45 60
2 125
10 125
12 125
13 125
14 125
16 125
34 125
35 125
36 125
37 125
17 125
19 125
23 125
24 125
28 147
5 147
30 147
10 147
11 147
16 147
19 147
20 147
21 147
23 147
24 147
2 7
7 28
7 179
7 145
7 30
7 222
7 117
7 61
7 120
7 150
7 122
7 223
7 183
7 185
7 65
7 8
7 187
7 154
7 67
7 68
7 189
7 123
7 192
7 9
7 11
7 127
7 14
7 157
7 158
7 78
7 79
7 161
7 162
7 34
7 163
7 198
7 83
7 201
7 133
7 86
7 37
7 87
7 88
7 210
7 91
7 46
7 18
7 135
7 19
7 20
7 94
7 167
7 168
7 99
7 100
7 24
7 40
7 170
7 102
7 104
7 106
7 45
7 140
7 173
7 108
9 61
10 61
31 61
11 61
32 61
14 61
44 61
35 61
38 61
19 61
21 61
24 61
45 61
2 62
5 62
10 62
31 62
12 62
32 62
13 62
34 62
35 62
36 62
38 62
18 62
19 62
23 62
24 62
30 119
9 119
12 119
13 119
19 119
20 119
21 119
22 119
24 119
4 120
28 120
5 120
30 120
10 120
31 120
11 120
32 120
14 120
15 120
34 120
36 120
37 120
38 120
20 120
21 120
23 120
2 150
4 150
5 150
30 150
8 150
9 150
11 150
14 150
15 150
37 150
17 150
19 150
22 150
2 103
5 103
30 103
8 103
9 103
12 103
14 103
44 103
36 103
18 103
19 103
21 103
39 103
24 103
40 103
45 103
2 183
26 183
6 183
9 183
11 183
13 183
15 183
35 183
37 183
38 183
20 183
21 183
39 183
23 183
40 183
2 185
26 185
4 185
5 185
30 185
9 185
10 185
11 185
12 185
14 185
34 185
35 185
36 185
17 185
38 185
18 185
19 185
23 185
24 185
2 64
5 64
8 64
10 64
13 64
33 64
15 64
16 64
44 64
35 64
37 64
17 64
20 64
21 64
39 64
22 64
23 64
24 64
40 64
28 98
30 98
12 98
15 98
16 98
37 98
17 98
38 98
18 98
22 98
23 98
28 65
30 65
8 65
9 65
10 65
31 65
12 65
14 65
15 65
16 65
44 65
34 65
36 65
37 65
17 65
38 65
39 65
22 65
23 65
3 151
5 151
29 151
30 151
31 151
12 151
13 151
14 151
16 151
34 151
35 151
36 151
37 151
20 151
9 224
31 224
14 224
15 224
16 224
35 224
17 224
18 224
19 224
20 224
2 8
8 27
8 30
8 118
8 187
8 67
8 190
8 124
8 31
8 72
8 11
8 73
8 125
8 126
8 12
8 32
8 128
8 15
8 34
8 83
8 134
8 37
8 94
8 95
8 97
8 99
8 100
8 21
8 39
8 23
8 40
8 139
8 104
8 171
8 105
8 106
8 173
2 66
28 66
30 66
9 66
14 66
33 66
34 66
35 66
36 66
38 66
19 66
20 66
21 66
23 66
24 66
40 66
45 66
2 187
10 187
31 187
37 187
17 187
18 187
24 187
10 68
31 68
11 68
32 68
15 68
44 68
34 68
35 68
36 68
37 68
17 68
38 68
39 68
24 68
40 68
12 189
22 189
2 154
9 154
31 154
11 154
12 154
16 154
35 154
37 154
17 154
38 154
18 154
21 154
30 190
10 190
11 190
15 190
16 190
34 190
17 190
19 190
23 190
9 123
10 123
14 123
15 123
16 123
35 123
38 123
20 123
22 123
24 123
12 124
14 124
15 124
16 124
37 124
19 124
23 124
24 124
30 155
8 155
11 155
16 155
36 155
37 155
19 155
20 155
22 155
23 155
9 156
15 156
37 156
5 70
9 70
10 70
31 70
11 70
32 70
13 70
14 70
33 70
15 70
37 70
19 70
39 70
22 70
23 70
24 70
2 71
5 71
30 71
9 71
10 71
13 71
16 71
37 71
38 71
19 71
20 71
23 71
24 71
2 19
19 110
19 111
19 175
19 28
19 178
19 56
5 19
19 179
19 180
19 115
19 117
19 149
19 121
19 122
19 63
19 184
19 186
19 152
19 188
19 192
9 19
10 19
19 31
19 72
11 19
19 73
19 127
19 128
19 74
19 157
19 75
16 19
19 44
19 195
19 161
19 162
19 34
19 82
19 163
19 35
19 197
19 36
19 84
19 199
19 200
19 202
19 133
19 134
19 204
19 164
17 19
19 209
19 88
19 89
19 210
19 48
19 38
19 90
19 231
19 229
19 230
19 232
19 135
19 214
19 20
19 93
19 94
19 95
19 96
19 215
19 137
19 100
19 233
19 216
19 40
19 102
19 104
19 171
19 219
19 220
19 107
19 108
9 50
2 9
9 110
9 111
9 175
9 141
9 142
9 178
9 56
9 30
9 117
9 146
9 149
9 121
9 63
9 184
9 234
9 152
9 153
9 194
9 10
9 31
9 72
9 11
9 73
9 126
9 13
9 15
9 75
9 130
9 16
9 195
9 79
9 162
9 81
9 82
9 131
9 163
9 196
9 84
9 199
9 202
9 134
9 86
9 235
9 226
9 227
9 37
9 165
9 17
9 89
9 38
9 91
9 231
9 229
9 212
9 18
9 92
9 20
9 94
9 95
9 136
9 97
9 215
9 137
9 99
9 100
9 21
9 22
9 217
9 139
9 236
9 102
9 104
9 106
9 45
9 140
9 220
9 173
9 107
10 50
2 10
10 141
5 10
10 117
10 146
10 122
10 223
10 152
10 192
10 31
10 12
10 13
10 127
10 33
10 15
10 76
10 77
10 225
10 161
10 80
10 196
10 36
10 109
10 201
10 202
10 37
10 87
10 164
10 165
10 88
10 89
10 210
10 38
10 91
10 228
10 18
10 93
10 95
10 97
10 168
10 100
10 21
10 22
10 169
10 217
10 23
10 138
10 40
10 102
10 105
10 45
10 140
10 173
10 107
28 72
5 72
30 72
13 72
15 72
16 72
35 72
37 72
17 72
18 72
21 72
22 72
23 72
24 72
40 72
45 72
11 50
11 56
5 11
11 30
11 117
11 146
11 149
11 122
11 63
11 67
11 13
11 74
11 77
11 44
11 81
11 198
11 83
11 84
11 199
11 201
11 202
11 164
11 165
11 88
11 210
11 90
11 91
11 228
11 135
11 93
11 97
11 137
11 168
11 99
11 169
11 138
11 139
11 170
11 101
11 104
11 219
11 107
28 73
5 73
31 73
12 73
32 73
13 73
14 73
15 73
34 73
35 73
37 73
17 73
21 73
39 73
22 73
23 73
24 73
45 73
32 126
13 126
12 50
12 238
12 110
12 175
5 12
12 179
12 180
12 223
12 63
12 152
12 67
12 188
12 191
12 32
12 13
12 127
12 129
12 15
12 157
12 75
12 158
12 130
12 79
12 162
12 80
12 34
12 132
12 35
12 196
12 197
12 36
12 84
12 85
12 202
12 205
12 235
12 37
12 87
12 208
12 164
12 165
12 209
12 88
12 89
12 48
12 38
12 90
12 231
12 230
12 232
12 212
12 213
12 135
12 92
12 214
12 20
12 167
12 136
12 137
12 168
12 22
12 216
12 217
12 138
12 24
12 170
12 171
12 105
12 106
12 45
12 140
12 173
12 174
32 50
32 54
32 177
32 178
32 144
30 32
32 115
32 117
32 182
32 148
32 149
32 121
32 184
32 186
32 224
32 154
32 67
32 124
32 193
32 125
13 32
32 33
32 157
32 77
32 130
16 32
32 44
32 161
32 162
32 131
32 132
32 35
32 83
32 201
32 133
32 134
32 86
32 235
32 87
17 32
32 88
32 89
32 38
32 90
32 91
32 228
32 231
32 46
32 135
32 92
32 93
32 94
32 95
32 167
32 96
32 136
32 97
32 100
21 32
22 32
23 32
32 138
32 236
32 170
32 171
32 105
32 106
32 219
32 173
32 107
32 108
2 13
13 111
13 141
13 56
5 13
13 30
13 149
13 187
13 189
13 192
13 31
13 128
13 15
13 158
13 77
13 78
13 130
13 81
13 82
13 163
13 35
13 196
13 198
13 83
13 201
13 202
13 133
13 165
13 17
13 89
13 38
13 18
13 214
13 20
13 93
13 94
13 95
13 167
13 96
13 136
13 100
13 39
13 22
13 169
13 138
13 24
13 101
13 102
13 104
13 171
13 237
13 106
13 107
13 174
13 108
5 127
31 127
16 127
35 127
37 127
20 127
21 127
22 127
23 127
24 127
2 33
27 33
33 145
30 33
33 120
33 63
13 33
33 128
33 74
14 33
16 33
33 80
33 34
33 36
33 83
33 86
33 37
33 87
20 33
33 93
33 94
33 97
33 99
21 33
22 33
23 33
33 101
33 105
14 50
14 111
14 141
5 14
14 30
14 117
14 147
14 149
14 122
14 223
14 63
14 152
14 153
14 192
14 126
14 129
14 157
14 77
14 44
14 195
14 81
14 34
14 82
14 132
14 35
14 36
14 83
14 85
14 201
14 86
14 87
14 165
14 88
14 89
14 38
14 228
14 18
14 135
14 214
14 95
14 167
14 96
14 99
14 100
14 21
14 39
14 22
14 24
14 40
14 170
14 101
14 102
14 171
14 105
14 106
14 45
14 140
14 174
2 15
15 51
15 175
15 28
15 239
15 177
15 56
15 179
15 30
15 181
15 117
15 182
15 119
15 149
15 121
15 122
15 153
15 67
15 189
15 155
15 31
15 128
15 74
15 129
15 157
15 76
15 77
15 78
15 16
15 44
15 79
15 162
15 80
15 81
15 132
15 196
15 83
15 85
15 202
15 235
15 207
15 208
15 165
15 17
15 209
15 88
15 89
15 210
15 38
15 90
15 91
15 231
15 212
15 18
15 135
15 93
15 136
15 97
15 137
15 168
15 100
15 21
15 39
15 23
15 138
15 24
15 236
15 101
15 104
15 105
15 106
15 45
15 220
15 173
15 174
15 108
2 75
30 75
16 75
34 75
37 75
18 75
20 75
21 75
39 75
24 75
40 75
44 157
22 157
2 77
27 77
16 77
34 77
37 77
17 77
38 77
21 77
39 77
22 77
40 77
2 78
27 78
31 78
16 78
44 78
35 78
36 78
37 78
17 78
38 78
21 78
23 78
24 78
30 130
31 130
44 130
37 130
17 130
18 130
20 130
21 130
24 130
30 160
33 160
16 160
35 160
36 160
37 160
17 160
20 160
22 160
23 160
16 50
2 16
16 111
16 175
16 141
16 178
16 55
16 181
16 117
16 121
16 63
16 152
16 188
16 192
16 128
16 129
16 76
16 44
16 195
16 79
16 162
16 80
16 82
16 163
16 35
16 196
16 36
16 83
16 84
16 200
16 201
16 134
16 86
16 226
16 207
16 208
16 164
16 165
16 17
16 89
16 90
16 229
16 230
16 212
16 18
16 135
16 20
16 95
16 167
16 96
16 136
16 97
16 99
16 100
16 21
16 39
16 233
16 217
16 138
16 40
16 170
16 101
16 104
16 105
16 106
16 219
16 220
16 174
16 108
44 51
30 44
44 126
44 74
44 79
44 81
36 44
44 85
18 44
20 44
44 96
44 97
44 99
44 100
44 104
18 195
20 195
23 195
2 79
30 79
8 79
35 79
17 79
38 79
21 79
39 79
22 79
29 161
31 161
11 161
34 161
20 161
21 161
22 161
27 240
30 240
6 240
10 240
35 240
37 240
17 240
20 240
23 240
2 162
8 162
13 162
34 162
36 162
37 162
48 162
20 162
24 162
34 80
39 80
22 80
23 80
2 34
30 34
34 147
34 63
34 128
34 74
34 82
34 36
34 37
17 34
34 88
34 90
20 34
34 94
34 100
24 34
34 103
34 104
34 45
34 108
30 131
11 131
13 131
4 132
30 132
31 132
35 132
37 132
38 132
18 132
21 132
22 132
23 132
24 132
3 163
4 163
30 163
8 163
44 163
35 163
36 163
17 163
38 163
20 163
21 163
39 163
22 163
23 163
24 163
3 196
30 196
37 196
17 196
38 196
18 196
20 196
21 196
23 196
24 196
36 175
28 36
13 36
36 74
36 81
36 85
36 37
36 165
36 89
36 38
36 91
18 36
36 93
36 94
36 95
36 99
23 36
24 36
36 101
36 105
36 106
2 83
28 83
5 83
30 83
31 83
35 83
37 83
17 83
38 83
20 83
24 83
45 83
2 199
3 199
7 199
10 199
13 199
20 199
21 199
2 85
30 85
35 85
48 85
21 85
22 85
24 85
40 85
45 85
37 201
21 201
23 201
24 201
26 202
30 202
17 202
20 202
21 202
22 202
23 202
24 202
2 133
28 133
30 133
36 133
48 133
38 133
20 133
21 133
23 133
24 133
2 81
28 81
5 81
30 81
31 81
48 81
18 81
20 81
21 81
39 81
22 81
23 81
24 81
2 35
35 175
35 56
35 144
35 145
30 35
35 180
35 117
35 119
35 223
35 152
8 35
35 187
35 155
31 35
35 128
35 74
35 76
35 158
35 201
35 202
35 37
17 35
35 38
35 90
35 91
18 35
35 135
35 92
35 214
20 35
35 94
35 95
35 96
35 136
35 100
35 169
24 35
35 105
35 45
35 140
35 107
35 108
2 86
28 86
30 86
37 86
17 86
48 86
38 86
18 86
20 86
24 86
45 86
30 87
37 87
20 87
30 164
37 164
39 164
22 164
5 208
8 208
13 208
14 208
37 208
17 208
38 208
20 208
23 208
24 208
2 165
3 165
28 165
30 165
37 165
17 165
38 165
20 165
21 165
23 165
24 165
40 165
2 17
17 110
17 111
17 175
17 177
17 178
17 113
17 181
17 117
17 63
17 124
17 128
17 74
17 129
17 76
17 195
17 161
17 197
17 200
17 206
17 207
17 37
17 88
17 48
17 90
17 91
17 231
17 135
17 94
17 95
17 167
17 96
17 97
17 168
17 21
17 169
17 233
17 171
17 105
17 106
17 220
30 88
31 88
37 88
38 88
20 88
21 88
28 74
38 74
18 74
20 74
45 74
30 82
44 82
35 82
40 82
37 89
48 89
38 89
18 89
21 89
23 89
24 89
45 89
2 38
38 111
38 141
38 56
30 38
38 180
38 147
38 150
38 122
38 63
38 156
38 128
38 75
38 202
37 38
38 228
38 135
38 214
20 38
38 95
38 136
21 38
38 39
38 216
23 38
38 40
38 101
38 104
38 171
38 106
5 90
30 90
37 90
18 90
20 90
39 90
23 90
40 90
45 90
2 91
5 91
30 91
37 91
48 91
22 91
40 91
7 229
10 229
13 229
38 229
20 229
27 230
30 230
10 230
13 230
48 230
18 230
20 230
22 230
24 230
2 212
30 212
10 212
14 212
37 212
17 212
20 212
22 212
18 50
2 18
18 111
18 175
18 141
18 142
18 180
18 146
18 223
18 63
8 18
18 126
18 129
18 76
18 158
18 225
18 198
18 201
18 228
18 135
18 214
18 20
18 167
18 136
18 168
18 100
18 21
18 169
18 24
18 40
18 170
18 102
18 171
30 135
31 135
20 135
22 135
20 50
20 110
20 175
20 177
20 178
20 56
20 179
20 145
20 30
20 115
20 117
20 146
20 149
20 122
20 223
20 63
20 67
20 188
20 189
20 191
20 192
20 193
20 128
20 129
20 76
20 158
20 84
20 204
20 227
20 37
20 209
20 210
20 228
20 213
20 92
20 95
20 136
20 100
20 216
20 139
20 170
20 104
20 45
20 219
20 220
20 107
20 174
28 107
37 107
21 107
45 107
30 92
10 92
44 92
37 92
18 92
22 92
23 92
24 92
31 214
5 93
30 93
39 93
22 93
40 93
2 95
28 95
31 95
44 95
23 95
40 95
2 96
22 96
23 96
24 96
40 96
5 97
30 97
31 97
21 97
39 97
22 97
23 97
24 97
1 30
4 30
28 30
30 143
30 146
30 182
30 121
30 122
30 223
30 63
30 184
30 187
30 153
30 189
30 31
30 128
30 129
30 76
30 158
30 197
30 109
30 204
30 205
30 235
30 207
30 211
30 214
30 94
30 167
30 136
30 168
30 99
30 39
22 30
30 217
30 101
30 105
30 106
30 140
30 173
30 174
30 108
23 137
37 168
48 168
22 168
23 168
28 99
37 99
21 99
23 99
24 99
40 99
45 99
5 100
31 100
37 100
39 100
23 100
24 100
39 50
39 63
39 101
39 104
39 45
22 50
2 22
22 110
22 28
22 142
22 239
22 178
22 55
5 22
22 179
22 181
22 115
22 117
22 149
22 122
22 186
22 152
22 67
22 188
22 191
22 197
22 200
22 235
22 206
22 207
22 37
22 48
22 231
22 232
22 214
22 94
21 22
22 169
22 216
22 217
22 138
22 170
22 101
22 104
22 105
22 106
22 45
22 219
22 173
22 174
2 102
31 102
37 102
48 102
39 102
7 169
31 169
3 217
4 217
28 217
13 217
35 217
38 217
18 217
23 217
37 216
2 138
5 138
31 138
44 138
37 138
21 138
39 138
45 138
24 50
2 24
24 175
24 141
24 177
24 55
24 56
24 180
24 122
24 63
24 152
24 153
24 156
24 76
24 84
24 206
24 209
24 213
24 94
24 136
21 24
24 40
24 170
24 101
24 104
24 171
24 45
24 140
24 173
24 108
40 50
40 175
40 121
40 191
31 40
37 40
40 92
21 40
23 40
40 139
40 105
40 45
2 23
23 42
23 51
23 28
23 178
23 180
23 146
23 122
23 223
23 63
23 188
23 189
23 128
23 129
23 76
23 34
23 131
23 197
23 84
23 37
23 46
23 166
23 94
23 167
23 136
21 23
23 216
23 139
23 236
23 170
23 104
23 106
23 220
23 173
23 174
23 108
28 170
36 170
2 101
37 101
23 101
2 104
28 104
5 104
31 104
37 104
21 104
5 171
31 171
37 171
21 171
2 106
5 106
21 106
45 106
37 200
21 200
2 105
28 105
31 105
48 105
45 105
2 94
31 94
21 94
8 140
21 140
10 219
15 219
24 219
28 136
44 136
36 136
37 136
21 136
8 174
36 174
37 174
45 174
