235 6149
1 2
1 3
1 7
1 9
1 10
1 14
1 17
1 19
1 23
1 28
1 31
1 32
1 33
1 35
1 37
1 38
1 40
1 41
1 42
1 44
1 46
1 48
1 49
1 50
1 53
1 56
1 57
1 58
1 60
1 61
1 62
1 63
1 64
1 65
1 67
1 68
1 69
1 72
1 74
1 76
1 77
1 78
1 79
1 80
1 81
1 82
1 83
1 84
1 89
1 90
1 91
1 92
1 93
1 95
1 96
1 97
1 98
1 100
1 101
1 104
1 105
1 109
1 111
1 112
1 114
1 115
1 117
1 118
1 122
1 123
1 126
1 128
1 132
2 133
4 133
133 134
6 133
17 133
133 135
27 133
31 133
33 133
35 133
37 133
40 133
41 133
45 133
47 133
133 137
51 133
52 133
53 133
54 133
55 133
56 133
133 138
66 133
72 133
74 133
133 140
77 133
80 133
133 142
83 133
84 133
85 133
88 133
91 133
93 133
133 144
109 133
133 145
110 133
117 133
133 146
122 133
123 133
125 133
128 133
129 133
132 133
3 5
5 147
5 6
5 8
5 11
5 12
5 13
5 14
5 149
5 15
5 150
5 18
5 152
5 19
5 26
5 27
5 30
5 31
5 33
5 36
5 136
5 37
5 156
5 39
5 40
5 158
5 43
5 159
5 47
5 161
5 48
5 49
5 50
5 54
5 56
5 138
5 57
5 60
5 61
5 164
5 69
5 139
5 70
5 72
5 76
5 77
5 78
5 85
5 88
5 167
5 168
5 92
5 98
5 99
5 100
5 169
5 170
5 171
5 103
5 105
5 106
5 108
5 172
5 109
5 110
5 111
5 112
5 113
5 118
5 173
5 121
5 122
5 123
5 124
5 125
5 126
5 127
5 128
5 131
5 179
5 132
2 6
4 6
6 147
6 134
6 10
6 14
6 149
6 15
6 150
6 181
6 151
6 17
6 18
6 135
6 20
6 22
6 182
6 23
6 24
6 25
6 27
6 153
6 30
6 185
6 31
6 32
6 33
6 154
6 36
6 38
6 157
6 186
6 40
6 41
6 188
6 44
6 159
6 45
6 46
6 190
6 47
6 161
6 191
6 48
6 137
6 51
6 53
6 54
6 192
6 56
6 57
6 59
6 60
6 61
6 63
6 64
6 65
6 193
6 164
6 68
6 139
6 71
6 72
6 73
6 74
6 140
6 141
6 80
6 81
6 142
6 195
6 82
6 84
6 198
6 199
6 200
6 167
6 203
6 168
6 93
6 204
6 205
6 169
6 206
6 170
6 171
6 207
6 104
6 105
6 106
6 108
6 208
6 111
6 113
6 115
6 116
6 117
6 209
6 119
6 120
6 121
6 210
6 122
6 123
6 124
6 125
6 175
6 212
6 126
6 129
6 213
6 132
3 7
7 10
7 180
7 11
7 12
7 14
7 149
7 181
7 151
7 17
7 18
7 152
7 19
7 20
7 24
7 25
7 26
7 28
7 29
7 31
7 32
7 33
7 154
7 37
7 157
7 217
7 40
7 41
7 158
7 43
7 45
7 46
7 190
7 48
7 162
7 52
7 53
7 54
7 55
7 56
7 138
7 57
7 58
7 60
7 163
7 61
7 62
7 64
7 193
7 69
7 165
7 139
7 70
7 72
7 73
7 74
7 75
7 140
7 77
7 79
7 81
7 142
7 82
7 221
7 196
7 85
7 86
7 167
7 90
7 91
7 92
7 204
7 98
7 100
7 205
7 170
7 103
7 207
7 108
7 109
7 145
7 111
7 112
7 114
7 116
7 118
7 209
7 120
7 121
7 146
7 210
7 123
7 174
7 124
7 125
7 175
7 212
7 126
7 127
7 177
7 178
2 10
4 10
9 10
10 13
10 15
10 215
10 18
10 152
10 26
10 27
10 29
10 34
10 36
10 38
10 41
10 159
10 46
10 48
10 137
10 51
10 54
10 56
10 138
10 57
10 62
10 64
10 65
10 67
10 68
10 69
10 70
10 72
10 73
10 75
10 76
10 78
10 81
10 82
10 84
10 86
10 225
10 88
10 91
10 92
10 93
10 94
10 95
10 97
10 99
10 100
10 102
10 103
10 104
10 105
10 106
10 107
10 172
10 109
10 111
10 118
10 119
10 120
10 123
10 125
10 126
10 128
10 130
10 131
10 132
2 12
12 180
11 12
12 13
12 14
12 15
12 150
12 16
12 151
12 17
12 135
12 20
12 182
12 24
12 25
12 26
12 184
12 28
12 153
12 29
12 30
12 32
12 33
12 34
12 35
12 154
12 38
12 39
12 216
12 157
12 217
12 187
12 41
12 158
12 42
12 43
12 44
12 159
12 45
12 47
12 218
12 161
12 191
12 49
12 162
12 50
12 137
12 52
12 54
12 55
12 138
12 57
12 58
12 59
12 60
12 61
12 65
12 66
12 164
12 70
12 219
12 76
12 140
12 79
12 141
12 80
12 166
12 81
12 194
12 82
12 83
12 221
12 196
12 197
12 84
12 85
12 88
12 201
12 202
12 89
12 168
12 95
12 97
12 98
12 100
12 169
12 206
12 101
12 171
12 143
12 103
12 207
12 105
12 107
12 108
12 110
12 113
12 114
12 115
12 118
12 209
12 173
12 119
12 120
12 121
12 123
12 174
12 125
12 226
12 212
12 126
12 176
12 127
12 213
12 178
12 130
3 148
147 148
10 148
15 148
148 150
16 148
23 148
26 148
27 148
28 148
148 185
148 155
136 148
148 187
43 148
148 159
45 148
47 148
49 148
51 148
53 148
138 148
62 148
64 148
139 148
72 148
77 148
148 220
80 148
82 148
83 148
148 221
148 227
84 148
85 148
87 148
88 148
99 148
100 148
148 205
148 170
102 148
103 148
105 148
106 148
107 148
109 148
110 148
114 148
119 148
148 223
123 148
124 148
125 148
148 175
131 148
132 148
8 150
10 150
11 150
21 150
150 182
24 150
31 150
36 150
136 150
38 150
50 150
52 150
138 150
57 150
60 150
62 150
64 150
139 150
72 150
150 220
83 150
89 150
90 150
93 150
94 150
95 150
110 150
117 150
121 150
129 150
2 14
3 14
14 148
14 15
14 151
14 135
14 20
14 24
14 26
14 28
14 34
14 35
14 154
14 36
14 38
14 40
14 159
14 218
14 51
14 53
14 55
14 56
14 57
14 59
14 62
14 63
14 64
14 164
14 75
14 80
14 81
14 90
14 91
14 94
14 106
14 144
14 108
14 110
14 113
14 115
14 119
14 124
14 127
2 15
3 15
4 15
15 147
9 15
15 180
11 15
15 149
15 215
15 16
15 181
15 151
15 17
15 18
15 19
15 20
15 22
15 182
15 24
15 25
15 26
15 153
15 31
15 36
15 136
15 37
15 156
15 157
15 217
15 158
15 189
15 43
15 159
15 45
15 46
15 160
15 190
15 47
15 161
15 49
15 50
15 137
15 52
15 54
15 55
15 138
15 57
15 59
15 60
15 61
15 65
15 67
15 164
15 139
15 71
15 72
15 74
15 75
15 219
15 140
15 77
15 79
15 80
15 166
15 81
15 82
15 197
15 84
15 86
15 87
15 200
15 88
15 90
15 93
15 95
15 97
15 98
15 99
15 222
15 169
15 206
15 171
15 104
15 105
15 106
15 108
15 109
15 110
15 208
15 111
15 114
15 115
15 118
15 209
15 173
15 119
15 120
15 122
15 124
15 175
15 126
15 176
15 178
15 130
15 131
15 132
17 152
21 152
27 152
28 152
31 152
35 152
36 152
40 152
41 152
152 189
45 152
47 152
54 152
55 152
62 152
64 152
65 152
71 152
72 152
78 152
152 166
82 152
152 204
95 152
99 152
152 205
107 152
114 152
124 152
125 152
152 179
2 127
3 127
17 127
127 152
20 127
23 127
24 127
25 127
26 127
27 127
28 127
36 127
37 127
39 127
41 127
43 127
127 159
45 127
52 127
53 127
56 127
57 127
58 127
59 127
62 127
63 127
65 127
67 127
69 127
70 127
71 127
72 127
79 127
82 127
127 197
86 127
88 127
90 127
127 168
91 127
100 127
102 127
103 127
105 127
106 127
110 127
113 127
115 127
120 127
121 127
122 127
125 127
127 212
126 127
127 129
127 131
127 179
127 132
4 20
17 20
20 24
20 25
20 26
20 27
20 28
20 154
20 36
20 155
20 37
20 156
20 43
20 45
20 160
20 49
20 51
20 53
20 57
20 58
20 60
20 61
20 63
20 69
20 139
20 70
20 71
20 75
20 76
20 77
20 80
20 166
20 194
20 82
20 84
20 87
20 89
20 93
20 95
20 96
20 98
20 99
20 100
20 143
20 102
20 207
20 106
20 109
20 145
20 110
20 112
20 113
20 114
20 123
20 124
20 125
20 175
20 130
20 131
20 179
2 21
4 21
21 147
21 134
21 180
17 21
18 21
21 26
21 27
21 184
21 28
21 29
21 31
21 34
21 35
21 154
21 36
21 155
21 156
21 39
21 186
21 41
21 42
21 159
21 45
21 160
21 190
21 48
21 49
21 162
21 51
21 53
21 192
21 56
21 57
21 59
21 60
21 63
21 64
21 65
21 193
21 164
21 68
21 165
21 70
21 72
21 73
21 74
21 76
21 140
21 77
21 141
21 220
21 166
21 82
21 83
21 197
21 87
21 200
21 88
21 93
21 204
21 96
21 97
21 100
21 205
21 222
21 169
21 143
21 103
21 104
21 144
21 107
21 109
21 145
21 208
21 111
21 112
21 113
21 115
21 116
21 118
21 228
21 119
21 120
21 121
21 122
21 123
21 174
21 124
21 125
21 175
21 211
21 212
21 126
21 176
21 128
21 214
21 131
21 179
4 23
7 23
23 181
17 23
18 23
23 27
23 156
23 41
23 43
23 138
23 57
23 60
23 63
23 70
23 74
23 76
23 79
23 85
23 87
23 94
23 99
23 103
23 105
23 107
23 109
23 110
23 113
23 114
23 117
23 118
23 120
23 121
23 124
23 125
23 129
23 131
2 25
25 152
25 27
25 29
25 154
25 36
25 39
25 40
25 41
25 43
25 45
25 54
25 57
25 58
25 63
25 64
25 67
25 72
25 140
25 80
25 82
25 86
25 88
25 94
25 100
25 103
25 110
25 111
25 113
25 117
25 118
25 126
25 132
9 26
13 26
26 215
26 151
18 26
26 152
23 26
24 26
26 27
26 30
26 36
26 155
26 37
26 38
26 39
26 187
26 40
26 41
26 45
26 46
26 47
26 48
26 49
26 50
26 51
26 53
26 54
26 55
26 58
26 60
26 163
26 63
26 64
26 65
26 71
26 72
26 74
26 78
26 79
26 166
26 142
26 82
26 83
26 197
26 84
26 87
26 88
26 168
26 91
26 93
26 94
26 95
26 100
26 102
26 103
26 104
26 106
26 107
26 108
26 109
26 111
26 115
26 116
26 117
26 120
26 121
26 146
26 122
26 123
26 124
26 125
26 126
26 128
26 130
26 131
26 179
26 132
2 27
3 27
4 27
27 147
27 134
8 27
9 27
27 180
13 27
16 27
27 151
18 27
22 27
27 153
27 29
27 185
27 31
27 32
27 34
27 154
27 36
27 155
27 39
27 216
27 40
27 41
27 43
27 44
27 159
27 45
27 46
27 160
27 190
27 47
27 51
27 53
27 54
27 55
27 192
27 56
27 138
27 57
27 58
27 60
27 61
27 64
27 193
27 66
27 67
27 68
27 71
27 72
27 73
27 76
27 77
27 78
27 79
27 141
27 166
27 142
27 195
27 82
27 83
27 84
27 87
27 200
27 88
27 202
27 203
27 90
27 168
27 91
27 93
27 95
27 96
27 97
27 98
27 99
27 169
27 102
27 103
27 207
27 104
27 105
27 106
27 144
27 172
27 109
27 110
27 208
27 112
27 114
27 116
27 117
27 118
27 173
27 119
27 146
27 223
27 124
27 125
27 211
27 126
27 128
27 129
27 214
27 132
2 51
4 51
51 134
8 51
9 51
11 51
16 51
17 51
51 135
19 51
24 51
34 51
35 51
51 154
36 51
51 156
41 51
51 189
43 51
51 159
45 51
46 51
51 190
48 51
50 51
51 137
51 53
51 55
51 56
51 57
51 58
51 60
51 61
51 64
51 67
51 68
51 165
51 70
51 71
51 72
51 73
51 74
51 75
51 140
51 78
51 79
51 141
51 166
51 194
51 142
51 82
51 84
51 85
51 87
51 88
51 89
51 90
51 93
51 95
51 96
51 97
51 205
51 102
51 207
51 106
51 108
51 111
51 113
51 114
51 116
51 117
51 118
51 209
51 121
51 210
51 122
51 125
51 175
51 126
51 177
51 214
51 130
3 28
28 134
10 28
28 180
11 28
28 224
28 215
16 28
28 181
19 28
24 28
28 183
28 29
28 30
28 31
28 32
28 34
28 154
28 136
28 37
28 38
28 217
28 187
28 45
28 46
28 160
28 47
28 161
28 48
28 162
28 137
28 52
28 53
28 192
28 56
28 138
28 58
28 61
28 62
28 63
28 65
28 66
28 67
28 68
28 165
28 70
28 74
28 219
28 140
28 77
28 78
28 220
28 80
28 166
28 81
28 82
28 83
28 221
28 196
28 85
28 86
28 88
28 168
28 94
28 98
28 99
28 169
28 206
28 171
28 102
28 103
28 104
28 105
28 144
28 172
28 145
28 110
28 113
28 114
28 115
28 116
28 228
28 119
28 120
28 146
28 210
28 122
28 123
28 174
28 124
28 175
28 126
28 177
28 214
28 130
28 131
28 179
36 153
153 155
41 153
48 153
51 153
54 153
57 153
59 153
60 153
65 153
69 153
75 153
80 153
82 153
99 153
100 153
102 153
105 153
110 153
111 153
114 153
117 153
120 153
122 153
125 153
153 175
126 153
130 153
132 153
3 29
29 30
29 31
29 154
29 40
29 41
29 43
29 47
29 49
29 54
29 57
29 58
29 61
29 63
29 66
29 67
29 72
29 75
29 76
29 80
29 166
29 81
29 84
29 85
29 86
29 87
29 88
29 94
29 95
29 96
29 105
29 117
29 118
29 124
29 125
29 211
29 126
29 128
139 151
17 139
18 139
135 139
19 139
22 139
24 139
26 139
139 157
41 139
137 139
53 139
54 139
138 139
57 139
60 139
64 139
65 139
139 140
78 139
81 139
82 139
83 139
87 139
89 139
91 139
92 139
93 139
95 139
102 139
106 139
108 139
109 139
110 139
114 139
117 139
119 139
139 146
125 139
128 139
131 139
2 31
31 180
11 31
31 149
31 181
19 31
24 31
25 31
31 184
31 153
31 33
31 34
31 35
31 39
31 157
31 42
31 218
31 161
31 48
31 162
31 137
31 53
31 56
31 57
31 61
31 62
31 63
31 66
31 165
31 71
31 219
31 220
31 166
31 142
31 221
31 196
31 198
31 92
31 93
31 97
31 230
31 170
31 143
31 102
31 105
31 110
31 111
31 173
31 119
31 120
31 121
31 125
31 126
31 176
31 128
31 177
31 213
31 214
31 132
2 32
3 32
4 32
32 134
10 32
32 149
32 181
20 32
32 182
32 184
32 153
30 32
32 34
32 37
32 216
32 186
32 40
32 43
32 159
32 190
32 162
32 53
32 54
32 55
32 58
32 59
32 163
32 63
32 64
32 67
32 164
32 68
32 69
32 71
32 73
32 74
32 75
32 76
32 140
32 77
32 79
32 141
32 80
32 166
32 142
32 82
32 196
32 197
32 84
32 86
32 87
32 202
32 92
32 204
32 97
32 100
32 170
32 171
32 103
32 105
32 106
32 144
32 107
32 108
32 110
32 111
32 112
32 113
32 114
32 115
32 116
32 117
32 118
32 119
32 121
32 122
32 123
32 174
32 125
32 126
32 176
32 177
32 179
8 58
58 150
58 181
18 58
58 152
22 58
24 58
58 153
30 58
35 58
58 154
58 155
37 58
58 156
40 58
41 58
58 159
46 58
49 58
50 58
58 137
52 58
53 58
54 58
55 58
56 58
57 58
58 63
58 64
58 70
58 74
58 76
58 140
58 77
58 78
58 80
58 166
58 81
58 82
58 197
58 84
58 87
58 88
58 90
58 92
58 93
58 95
58 96
58 231
58 97
58 99
58 100
58 205
58 169
58 102
58 106
58 107
58 109
58 145
58 110
58 111
58 113
58 115
58 117
58 118
58 119
58 122
58 124
58 126
58 128
58 129
2 34
9 34
34 180
11 34
34 149
18 34
19 34
34 184
34 153
34 185
33 34
34 35
34 136
34 156
34 217
34 186
34 40
34 41
34 189
34 159
34 218
34 48
34 162
34 50
34 53
34 54
34 55
34 56
34 59
34 61
34 62
34 66
34 164
34 68
34 165
34 70
34 71
34 72
34 74
34 75
34 76
34 140
34 77
34 78
34 141
34 80
34 82
34 196
34 85
34 86
34 89
34 90
34 92
34 93
34 96
34 99
34 100
34 170
34 207
34 104
34 105
34 108
34 109
34 145
34 113
34 114
34 117
34 173
34 120
34 122
34 175
34 128
34 177
34 179
4 35
35 147
35 181
35 151
17 35
19 35
35 182
29 35
35 154
35 155
35 216
35 157
35 158
35 42
35 188
35 189
35 44
35 159
35 45
35 46
35 47
35 161
35 191
35 49
35 162
35 50
35 137
35 54
35 62
35 63
35 64
35 65
35 69
35 165
35 71
35 72
35 219
35 78
35 79
35 141
35 220
35 80
35 142
35 82
35 83
35 221
35 227
35 197
35 86
35 87
35 199
35 89
35 90
35 168
35 91
35 96
35 231
35 98
35 205
35 222
35 206
35 102
35 105
35 144
35 107
35 108
35 109
35 145
35 110
35 111
35 112
35 113
35 114
35 117
35 118
35 119
35 120
35 121
35 146
35 223
35 210
35 122
35 123
35 174
35 124
35 175
35 126
35 176
35 177
35 130
2 36
3 36
36 147
8 36
9 36
13 36
36 149
16 36
36 181
36 151
17 36
36 135
19 36
22 36
36 182
36 155
36 136
36 156
36 39
36 217
36 186
36 187
36 40
36 41
36 158
36 42
36 43
36 44
36 45
36 46
36 190
36 218
36 191
36 50
36 55
36 56
36 57
36 59
36 61
36 62
36 63
36 64
36 193
36 66
36 67
36 68
36 69
36 165
36 72
36 75
36 219
36 140
36 79
36 141
36 166
36 81
36 142
36 82
36 83
36 196
36 84
36 85
36 86
36 88
36 89
36 168
36 94
36 95
36 98
36 99
36 100
36 169
36 101
36 171
36 207
36 105
36 106
36 108
36 172
36 109
36 110
36 111
36 112
36 113
36 114
36 117
36 118
36 209
36 173
36 119
36 121
36 146
36 223
36 174
36 124
36 125
36 175
36 126
36 214
36 131
36 132
10 155
11 155
155 181
155 183
37 155
38 155
40 155
41 155
155 161
155 162
50 155
52 155
55 155
59 155
60 155
63 155
64 155
72 155
74 155
78 155
155 220
82 155
83 155
84 155
88 155
90 155
92 155
94 155
99 155
100 155
155 170
155 171
102 155
145 155
111 155
114 155
117 155
155 173
119 155
155 223
155 174
155 175
155 176
155 179
132 155
8 37
13 37
17 37
37 153
33 37
37 136
37 39
37 217
37 40
37 42
37 48
37 137
37 52
37 53
37 56
37 138
37 57
37 61
37 65
37 164
37 70
37 72
37 219
37 78
37 81
37 197
37 87
37 91
37 93
37 95
37 99
37 100
37 101
37 105
37 109
37 110
37 114
37 173
37 126
38 147
8 38
11 38
38 148
38 152
33 38
38 136
38 40
38 45
38 47
38 48
38 57
38 59
38 64
38 72
38 74
38 75
38 219
38 82
38 90
38 91
38 92
38 93
38 95
38 231
38 100
38 101
38 106
38 113
38 117
38 173
38 119
38 121
38 125
38 211
38 126
2 124
4 124
9 124
124 180
11 124
17 124
18 124
124 135
30 124
38 124
124 216
124 157
40 124
124 189
124 159
46 124
47 124
124 191
48 124
52 124
55 124
56 124
60 124
63 124
67 124
69 124
70 124
72 124
74 124
77 124
79 124
80 124
124 166
124 142
87 124
89 124
93 124
94 124
96 124
97 124
100 124
124 169
124 143
103 124
104 124
106 124
124 172
124 145
115 124
116 124
118 124
124 173
120 124
124 146
122 124
123 124
124 174
124 175
124 211
124 212
124 126
124 128
124 129
124 131
124 132
3 39
4 39
18 39
30 39
39 156
39 216
39 189
39 45
39 46
39 160
39 191
39 52
39 192
39 56
39 138
39 57
39 60
39 61
39 63
39 64
39 67
39 71
39 72
39 140
39 79
39 166
39 195
39 83
39 84
39 86
39 87
39 198
39 225
39 88
39 93
39 99
39 100
39 205
39 102
39 104
39 106
39 107
39 172
39 145
39 113
39 114
39 115
39 117
39 118
39 125
39 175
39 178
39 179
1 157
4 157
8 157
10 157
11 157
148 157
157 181
20 157
157 182
37 157
39 157
157 216
157 217
157 187
40 157
41 157
44 157
45 157
47 157
52 157
54 157
55 157
138 157
57 157
58 157
59 157
60 157
157 163
62 157
64 157
67 157
69 157
157 165
70 157
74 157
75 157
140 157
77 157
78 157
79 157
141 157
80 157
84 157
85 157
86 157
92 157
95 157
99 157
157 222
102 157
104 157
106 157
144 157
145 157
110 157
113 157
115 157
120 157
157 223
122 157
157 177
129 157
4 40
40 147
40 134
9 40
11 40
16 40
40 181
40 182
23 40
24 40
40 216
40 186
40 41
40 158
40 42
40 43
40 44
40 159
40 45
40 160
40 218
40 48
40 49
40 162
40 50
40 52
40 55
40 138
40 57
40 59
40 60
40 65
40 68
40 165
40 71
40 72
40 74
40 75
40 219
40 77
40 78
40 79
40 142
40 195
40 83
40 88
40 168
40 91
40 92
40 204
40 94
40 96
40 97
40 99
40 170
40 101
40 171
40 143
40 207
40 109
40 145
40 113
40 115
40 116
40 118
40 173
40 119
40 223
40 210
40 122
40 125
40 126
40 177
40 129
40 130
40 132
111 133
111 147
111 181
17 111
22 111
24 111
111 136
37 111
38 111
111 159
49 111
52 111
57 111
60 111
62 111
64 111
65 111
67 111
68 111
111 139
72 111
75 111
78 111
80 111
82 111
84 111
85 111
87 111
89 111
95 111
97 111
111 230
98 111
111 222
111 169
111 171
103 111
111 172
111 145
111 114
111 119
111 120
111 122
111 123
111 125
111 127
111 128
111 130
111 131
111 132
3 41
41 180
41 215
41 181
17 41
18 41
41 135
22 41
41 182
30 41
33 41
41 154
41 136
41 217
41 158
41 189
41 44
41 45
41 47
41 162
41 52
41 54
41 55
41 56
41 138
41 57
41 60
41 163
41 64
41 66
41 67
41 164
41 68
41 165
41 72
41 73
41 74
41 75
41 76
41 79
41 141
41 80
41 166
41 81
41 194
41 82
41 83
41 221
41 84
41 86
41 87
41 88
41 167
41 201
41 90
41 92
41 204
41 94
41 95
41 97
41 98
41 170
41 101
41 102
41 207
41 104
41 106
41 107
41 145
41 110
41 112
41 113
41 114
41 116
41 117
41 118
41 173
41 119
41 120
41 146
41 123
41 174
41 125
41 126
41 176
41 129
41 213
41 130
41 179
10 158
21 158
24 158
33 158
136 158
38 158
158 191
48 158
158 162
50 158
51 158
52 158
53 158
54 158
138 158
61 158
62 158
158 165
70 158
72 158
77 158
78 158
80 158
82 158
84 158
88 158
92 158
93 158
95 158
99 158
102 158
106 158
144 158
107 158
108 158
109 158
110 158
114 158
115 158
117 158
158 173
119 158
120 158
125 158
158 211
2 159
17 159
154 159
39 159
45 159
47 159
54 159
57 159
62 159
64 159
67 159
68 159
70 159
74 159
77 159
78 159
88 159
89 159
94 159
100 159
102 159
103 159
104 159
105 159
109 159
145 159
113 159
118 159
125 159
131 159
3 45
45 134
45 180
13 45
45 149
45 215
45 151
17 45
45 135
19 45
22 45
45 182
24 45
33 45
45 154
45 156
45 217
45 186
45 187
45 189
45 46
45 47
45 161
45 49
45 162
45 50
45 52
45 54
45 56
45 138
45 57
45 60
45 163
45 62
45 63
45 64
45 193
45 164
45 165
45 71
45 72
45 73
45 75
45 219
45 76
45 140
45 77
45 78
45 79
45 220
45 80
45 166
45 81
45 142
45 82
45 83
45 221
45 227
45 196
45 86
45 88
45 202
45 203
45 89
45 92
45 93
45 94
45 95
45 96
45 97
45 99
45 100
45 205
45 169
45 171
45 143
45 102
45 103
45 207
45 104
45 105
45 106
45 144
45 108
45 109
45 110
45 113
45 114
45 115
45 117
45 118
45 209
45 120
45 121
45 223
45 122
45 123
45 125
45 175
45 126
45 176
45 177
45 213
45 214
45 131
45 132
2 47
3 47
47 134
8 47
47 180
13 47
47 149
16 47
47 151
17 47
18 47
47 135
19 47
22 47
47 182
24 47
47 184
47 185
33 47
47 154
47 136
47 156
47 217
47 187
47 189
43 47
46 47
47 160
47 48
47 50
47 52
47 53
47 54
47 55
47 56
47 138
47 57
47 59
47 163
47 61
47 63
47 64
47 65
47 193
47 165
47 72
47 75
47 219
47 140
47 77
47 78
47 80
47 166
47 142
47 82
47 197
47 86
47 88
47 89
47 168
47 91
47 94
47 97
47 99
47 101
47 171
47 102
47 104
47 144
47 107
47 172
47 109
47 110
47 112
47 113
47 114
47 116
47 117
47 173
47 121
47 146
47 223
47 210
47 122
47 123
47 174
47 226
47 128
47 129
47 131
47 132
2 218
8 218
10 218
17 218
19 218
24 218
26 218
32 218
217 218
48 218
51 218
53 218
57 218
64 218
165 218
139 218
71 218
75 218
77 218
80 218
142 218
82 218
84 218
85 218
88 218
93 218
94 218
105 218
144 218
110 218
113 218
117 218
173 218
10 161
11 161
148 161
161 182
37 161
38 161
50 161
137 161
54 161
138 161
59 161
64 161
72 161
161 219
161 220
82 161
83 161
87 161
161 199
88 161
90 161
93 161
95 161
103 161
105 161
145 161
113 161
114 161
117 161
121 161
123 161
133 191
147 191
5 191
149 191
135 191
21 191
23 191
25 191
26 191
30 191
34 191
154 191
136 191
48 191
49 191
162 191
53 191
56 191
60 191
62 191
63 191
67 191
70 191
72 191
191 219
191 220
80 191
83 191
191 196
84 191
87 191
88 191
90 191
92 191
93 191
94 191
99 191
100 191
169 191
170 191
171 191
105 191
108 191
172 191
109 191
110 191
112 191
114 191
115 191
118 191
173 191
120 191
121 191
123 191
175 191
191 211
128 191
129 191
132 191
48 133
9 48
13 48
48 136
48 52
48 54
48 61
48 62
48 64
48 72
48 219
48 80
48 82
48 83
48 221
48 85
48 87
48 88
48 89
48 91
48 92
48 93
48 100
48 170
48 102
48 105
48 144
48 113
48 114
48 173
48 119
48 120
48 125
48 128
48 132
4 49
49 147
17 49
49 152
49 135
22 49
25 49
49 154
38 49
49 186
42 49
49 189
43 49
46 49
49 161
49 137
49 52
49 54
49 55
49 192
49 56
49 138
49 57
49 62
49 64
49 65
49 67
49 68
49 70
49 77
49 196
49 84
49 89
49 93
49 205
49 102
49 104
49 105
49 106
49 110
49 113
49 118
49 119
49 120
49 121
49 122
49 123
49 130
49 179
8 50
50 136
50 56
50 57
50 60
50 82
50 221
50 114
50 223
3 137
8 137
11 137
137 182
29 137
30 137
137 158
50 137
52 137
54 137
59 137
61 137
64 137
72 137
75 137
137 219
78 137
82 137
83 137
137 221
84 137
137 168
93 137
94 137
95 137
99 137
137 169
137 171
102 137
106 137
109 137
110 137
121 137
124 137
128 137
129 137
132 137
2 52
3 52
4 52
52 147
8 52
9 52
11 52
13 52
16 52
52 151
19 52
22 52
23 52
52 153
33 52
52 154
52 136
43 52
46 52
50 52
52 192
52 57
52 61
52 62
52 64
52 65
52 70
52 71
52 74
52 219
52 76
52 81
52 84
52 85
52 86
52 87
52 90
52 91
52 93
52 95
52 96
52 98
52 99
52 205
52 143
52 102
52 144
52 145
52 110
52 112
52 117
52 118
52 173
52 120
52 146
52 174
52 125
52 175
52 126
52 128
52 177
3 53
8 53
53 150
18 53
19 53
33 53
53 186
46 53
53 55
53 57
53 60
53 64
53 66
53 165
53 70
53 71
53 75
53 76
53 78
53 166
53 142
53 87
53 168
53 93
53 94
53 99
53 102
53 103
53 104
53 144
53 107
53 110
53 113
53 117
53 119
53 125
53 126
53 129
53 130
53 179
53 132
2 105
3 105
105 147
105 180
11 105
13 105
16 105
105 181
17 105
105 135
19 105
22 105
105 183
33 105
105 156
105 188
105 189
105 190
105 162
50 105
54 105
55 105
57 105
60 105
105 163
61 105
63 105
65 105
67 105
105 164
68 105
105 165
73 105
77 105
78 105
79 105
105 141
80 105
105 166
81 105
83 105
105 227
86 105
105 200
92 105
93 105
105 204
94 105
95 105
105 231
99 105
100 105
105 205
105 169
105 170
105 143
102 105
105 207
105 106
105 144
105 108
105 109
105 113
105 114
105 115
105 209
105 173
105 119
105 146
105 122
105 123
105 125
105 175
105 126
105 128
105 214
105 131
3 54
8 54
9 54
18 54
54 154
54 162
54 57
54 60
54 62
54 64
54 69
54 70
54 72
54 74
54 77
54 78
54 80
54 166
54 81
54 195
54 83
54 84
54 87
54 198
54 91
54 95
54 231
54 97
54 230
54 102
54 106
54 107
54 172
54 145
54 113
54 114
54 117
54 118
54 173
54 119
54 120
54 122
54 175
54 212
54 126
54 128
54 178
54 130
54 131
54 179
54 132
2 56
3 56
56 134
8 56
56 149
16 56
56 181
18 56
19 56
56 184
30 56
33 56
56 154
56 156
56 216
42 56
56 189
43 56
44 56
56 160
56 190
55 56
56 192
56 57
56 59
56 60
56 61
56 62
56 64
56 65
56 193
56 164
56 68
56 69
56 165
56 71
56 72
56 73
56 74
56 75
56 219
56 76
56 140
56 77
56 166
56 82
56 84
56 85
56 201
56 89
56 90
56 92
56 93
56 204
56 95
56 98
56 99
56 205
56 222
56 101
56 171
56 207
56 106
56 107
56 108
56 172
56 145
56 110
56 112
56 113
56 114
56 117
56 118
56 146
56 223
56 174
56 125
56 126
56 128
56 129
56 179
56 132
134 138
138 149
18 138
30 138
43 138
138 159
54 138
60 138
62 138
64 138
138 193
138 165
70 138
72 138
138 233
77 138
80 138
138 195
83 138
85 138
87 138
138 225
88 138
138 202
138 168
92 138
93 138
99 138
100 138
138 205
103 138
138 207
104 138
138 144
107 138
113 138
114 138
117 138
138 173
121 138
138 146
122 138
123 138
138 174
138 175
126 138
131 138
138 179
4 57
57 134
8 57
11 57
57 149
57 181
19 57
22 57
33 57
57 156
57 187
57 189
43 57
57 160
57 190
55 57
57 192
57 60
57 62
57 64
57 65
57 68
57 71
57 72
57 73
57 75
57 219
57 140
57 77
57 82
57 83
57 196
57 84
57 85
57 201
57 203
57 90
57 94
57 95
57 98
57 100
57 205
57 222
57 170
57 171
57 103
57 207
57 104
57 106
57 108
57 145
57 110
57 112
57 113
57 114
57 118
57 209
57 173
57 121
57 146
57 125
57 211
57 126
57 176
57 128
57 213
57 130
57 131
57 179
57 132
2 60
4 60
8 60
9 60
13 60
60 149
60 215
18 60
60 135
22 60
60 182
60 184
30 60
60 154
60 136
60 156
60 216
60 186
60 187
42 60
46 60
60 162
55 60
60 61
60 64
60 66
60 67
60 68
60 165
60 70
60 71
60 72
60 73
60 74
60 75
60 77
60 78
60 141
60 166
60 194
60 82
60 196
60 84
60 85
60 86
60 87
60 199
60 90
60 168
60 92
60 93
60 204
60 96
60 231
60 97
60 99
60 100
60 222
60 169
60 206
60 101
60 171
60 143
60 102
60 103
60 207
60 104
60 106
60 144
60 108
60 172
60 109
60 145
60 110
60 208
60 112
60 113
60 114
60 115
60 116
60 117
60 173
60 119
60 120
60 223
60 122
60 123
60 174
60 125
60 126
60 176
60 128
60 214
60 130
60 131
60 179
3 163
1 163
4 163
8 163
10 163
163 180
163 224
150 163
163 181
17 163
20 163
24 163
25 163
30 163
33 163
154 163
155 163
39 163
163 186
163 188
43 163
44 163
159 163
160 163
48 163
54 163
58 163
59 163
61 163
64 163
163 193
67 163
163 164
69 163
163 165
72 163
73 163
140 163
77 163
78 163
79 163
141 163
80 163
82 163
87 163
88 163
163 201
92 163
93 163
163 204
94 163
95 163
97 163
100 163
163 205
102 163
106 163
108 163
110 163
113 163
114 163
119 163
163 210
123 163
163 174
129 163
163 214
131 163
132 163
3 61
61 180
14 61
18 61
33 61
61 189
44 61
53 61
55 61
61 192
61 62
61 193
61 68
61 69
61 165
61 139
61 76
61 80
61 81
61 86
61 88
61 89
61 91
61 94
61 97
61 99
61 100
61 102
61 103
61 144
61 107
61 108
61 109
61 145
61 110
61 114
61 117
61 119
61 120
61 121
61 146
61 211
61 126
61 128
61 177
61 129
61 132
10 190
16 190
72 190
78 190
190 232
190 194
82 190
84 190
190 210
125 190
126 190
176 190
132 190
2 193
17 193
135 193
33 193
44 193
63 193
64 193
67 193
165 193
82 193
88 193
89 193
99 193
102 193
114 193
115 193
116 193
146 193
125 193
126 193
177 193
132 193
2 164
147 164
8 164
10 164
164 180
150 164
20 164
23 164
153 164
33 164
155 164
136 164
158 164
48 164
55 164
58 164
59 164
62 164
63 164
64 164
164 165
72 164
76 164
77 164
78 164
79 164
80 164
87 164
89 164
91 164
92 164
94 164
99 164
102 164
106 164
144 164
108 164
145 164
110 164
113 164
114 164
116 164
121 164
123 164
125 164
126 164
129 164
2 165
8 165
150 165
165 181
135 165
24 165
33 165
44 165
54 165
59 165
63 165
67 165
68 165
72 165
79 165
82 165
84 165
85 165
88 165
89 165
92 165
99 165
100 165
144 165
107 165
109 165
111 165
113 165
114 165
115 165
121 165
123 165
165 174
126 165
129 165
130 165
3 70
8 70
70 215
17 70
18 70
22 70
25 70
29 70
30 70
33 70
70 154
70 136
70 186
70 189
46 70
70 160
70 161
50 70
70 192
64 70
65 70
67 70
69 70
70 71
70 72
70 140
70 77
70 80
70 194
70 86
70 87
70 90
70 92
70 94
70 98
70 99
70 100
70 102
70 106
70 107
70 109
70 145
70 110
70 113
70 117
70 118
70 119
70 122
70 214
70 179
9 71
10 71
11 71
16 71
24 71
30 71
71 136
42 71
46 71
71 160
55 71
62 71
64 71
67 71
71 74
71 76
71 82
71 83
71 84
71 203
71 168
71 92
71 96
71 99
71 104
71 106
71 107
71 108
71 172
71 113
71 114
71 120
71 126
71 179
3 72
4 72
72 134
8 72
9 72
72 180
13 72
16 72
72 181
17 72
18 72
72 135
72 182
23 72
24 72
72 184
72 153
30 72
33 72
72 136
72 217
72 186
44 72
46 72
72 160
72 162
59 72
62 72
64 72
65 72
66 72
68 72
69 72
72 74
72 76
72 77
72 78
72 79
72 81
72 194
72 196
72 200
72 167
72 201
72 202
72 168
72 204
72 96
72 97
72 98
72 100
72 205
72 222
72 169
72 206
72 171
72 102
72 103
72 207
72 104
72 106
72 107
72 172
72 109
72 145
72 110
72 115
72 116
72 117
72 118
72 228
72 209
72 173
72 120
72 121
72 146
72 122
72 125
72 126
72 129
72 130
72 131
72 132
5 73
17 73
24 73
54 73
63 73
73 78
73 82
73 84
73 93
73 100
73 110
73 114
73 119
73 125
73 126
73 132
2 75
4 75
8 75
75 180
17 75
33 75
46 75
48 75
50 75
54 75
55 75
64 75
68 75
71 75
75 78
75 80
75 166
75 81
75 82
75 87
75 88
75 92
75 93
75 94
75 95
75 100
75 102
75 103
75 104
75 144
75 108
75 172
75 145
75 110
75 114
75 115
75 118
75 120
75 226
75 126
2 219
3 219
1 219
133 219
5 219
10 219
181 219
153 219
33 219
34 219
136 219
43 219
160 219
190 219
60 219
63 219
64 219
65 219
70 219
75 219
140 219
219 220
81 219
196 219
85 219
168 219
91 219
100 219
169 219
170 219
171 219
144 219
107 219
108 219
109 219
110 219
113 219
114 219
121 219
126 219
128 219
129 219
9 140
140 180
140 150
140 151
17 140
24 140
140 154
140 155
136 140
37 140
140 189
46 140
140 162
137 140
54 140
55 140
59 140
65 140
66 140
69 140
74 140
76 140
77 140
80 140
140 166
81 140
82 140
84 140
86 140
87 140
88 140
90 140
92 140
95 140
140 207
104 140
106 140
107 140
108 140
112 140
114 140
115 140
117 140
140 228
122 140
140 175
140 176
128 140
131 140
140 179
2 77
77 180
11 77
77 215
77 151
17 77
18 77
77 135
19 77
22 77
77 183
77 184
30 77
33 77
77 136
77 216
42 77
77 189
44 77
46 77
77 160
59 77
63 77
64 77
65 77
77 193
67 77
69 77
76 77
77 78
77 232
77 80
77 81
77 82
77 221
77 197
77 85
77 87
77 89
77 90
77 168
77 91
77 92
77 96
77 97
77 98
77 99
77 205
77 169
77 170
77 143
77 102
77 103
77 107
77 145
77 110
77 113
77 115
77 117
77 119
77 120
77 122
77 123
77 174
77 125
77 126
77 129
77 213
77 214
77 132
4 80
80 134
80 135
24 80
80 154
80 136
44 80
46 80
50 80
80 192
59 80
62 80
64 80
67 80
68 80
69 80
74 80
76 80
80 166
80 82
80 85
80 86
80 87
80 95
80 98
80 207
80 106
80 107
80 108
80 110
80 118
80 120
80 122
80 125
80 175
80 226
80 128
80 177
80 130
33 166
62 166
64 166
78 166
88 166
166 231
106 166
166 172
109 166
113 166
117 166
125 166
166 175
126 166
166 179
3 82
82 147
82 134
8 82
82 180
11 82
13 82
82 149
82 215
16 82
82 181
82 151
18 82
82 135
19 82
82 182
82 184
82 185
33 82
82 154
82 136
82 217
82 187
82 189
44 82
46 82
55 82
82 192
59 82
62 82
63 82
64 82
68 82
78 82
82 220
81 82
82 194
82 196
82 84
82 85
82 87
82 88
82 167
82 168
82 91
82 95
82 98
82 100
82 169
82 170
82 101
82 102
82 106
82 108
82 109
82 110
82 113
82 114
82 119
82 120
82 121
82 146
82 125
82 226
82 212
82 126
82 213
82 131
82 132
3 84
11 84
17 84
18 84
84 182
23 84
24 84
30 84
84 189
43 84
84 160
84 162
50 84
62 84
63 84
67 84
74 84
76 84
78 84
84 232
79 84
84 141
84 220
81 84
84 142
83 84
84 197
84 85
84 88
84 167
84 201
84 202
84 89
84 92
84 94
84 95
84 97
84 98
84 99
84 100
84 170
84 171
84 207
84 104
84 106
84 144
84 107
84 108
84 109
84 110
84 208
84 116
84 173
84 119
84 120
84 121
84 210
84 174
84 226
84 126
84 176
84 128
84 213
84 214
10 85
85 150
22 85
24 85
85 136
63 85
64 85
66 85
83 85
85 88
85 90
85 92
85 93
85 97
85 100
85 102
85 106
85 109
85 145
85 110
85 112
85 114
85 173
85 175
85 126
85 129
86 151
26 86
86 154
86 189
43 86
86 159
53 86
64 86
86 139
74 86
77 86
78 86
86 220
86 88
86 94
86 95
86 100
86 102
86 109
86 145
86 117
86 118
86 119
86 125
86 175
86 212
86 126
86 129
86 131
4 81
9 81
81 180
81 149
18 81
81 182
81 153
30 81
33 81
39 81
81 189
46 81
53 81
59 81
64 81
65 81
67 81
74 81
76 81
79 81
81 166
81 194
81 87
81 89
81 93
81 95
81 97
81 99
81 205
81 102
81 144
81 107
81 172
81 110
81 113
81 115
81 116
81 117
81 173
81 119
81 121
81 146
81 175
81 212
81 127
81 177
81 130
2 88
4 88
88 147
9 88
88 149
22 88
88 154
88 136
88 156
88 187
44 88
46 88
88 162
50 88
59 88
62 88
64 88
65 88
66 88
69 88
74 88
76 88
78 88
88 142
83 88
88 196
88 197
88 90
88 94
88 96
88 98
88 99
88 100
88 205
88 222
88 169
88 171
88 103
88 207
88 108
88 112
88 113
88 114
88 118
88 173
88 119
88 120
88 121
88 210
88 123
88 125
88 126
88 128
88 177
88 178
88 131
90 147
17 90
19 90
90 229
33 90
90 136
55 90
61 90
67 90
78 90
90 221
90 198
89 90
90 92
90 101
90 102
90 106
90 108
90 109
90 112
90 117
90 121
90 175
90 226
90 211
90 128
90 129
90 130
90 132
8 91
24 91
91 136
43 91
91 161
59 91
87 91
91 100
91 103
91 107
91 109
91 115
91 173
91 120
91 174
2 92
4 92
92 147
8 92
9 92
92 149
92 151
92 152
92 135
92 182
29 92
92 185
92 136
92 156
39 92
92 217
92 159
92 218
49 92
92 162
92 192
59 92
65 92
68 92
74 92
76 92
78 92
83 92
92 196
87 92
92 167
92 203
89 92
92 95
92 103
92 207
92 106
92 144
92 107
92 109
92 113
92 123
92 125
92 176
92 177
92 214
92 132
3 94
4 94
94 147
94 134
9 94
94 149
94 215
94 181
17 94
18 94
94 182
24 94
94 183
94 217
94 187
46 94
94 192
59 94
63 94
64 94
65 94
66 94
69 94
74 94
78 94
79 94
94 141
94 194
94 142
94 221
87 94
94 203
94 168
94 98
94 99
94 100
94 205
94 143
94 107
94 108
94 172
94 109
94 110
94 113
94 115
94 118
94 119
94 120
94 146
94 122
94 123
94 175
94 176
94 128
94 177
94 131
94 179
2 64
64 147
64 134
9 64
64 180
11 64
64 215
16 64
64 181
64 151
17 64
18 64
22 64
64 182
30 64
64 185
64 136
64 186
64 187
42 64
64 188
64 189
64 160
64 162
55 64
64 192
62 64
64 78
64 79
64 141
64 194
64 142
64 197
64 87
64 167
64 201
64 202
64 95
64 97
64 100
64 205
64 169
64 170
64 143
64 102
64 103
64 207
64 104
64 106
64 144
64 172
64 145
64 110
64 112
64 113
64 114
64 115
64 116
64 117
64 118
64 209
64 173
64 120
64 146
64 223
64 125
64 175
64 126
64 129
64 213
64 178
64 214
2 141
134 141
141 180
17 141
30 141
38 141
44 141
55 141
63 141
67 141
76 141
89 141
90 141
141 205
102 141
141 144
108 141
110 141
113 141
114 141
115 141
123 141
124 141
130 141
132 141
4 95
95 147
95 134
8 95
9 95
11 95
95 215
95 182
25 95
95 184
95 185
95 154
95 217
44 95
46 95
95 160
95 162
95 192
59 95
62 95
63 95
66 95
74 95
76 95
78 95
95 220
95 194
95 142
95 197
93 95
95 97
95 98
95 99
95 101
95 102
95 103
95 144
95 107
95 109
95 145
95 110
95 112
95 113
95 116
95 117
95 118
95 173
95 119
95 120
95 146
95 122
95 123
95 125
95 126
95 177
95 130
95 179
2 98
9 98
10 98
14 98
17 98
18 98
98 135
19 98
21 98
24 98
26 98
98 153
33 98
34 98
98 136
39 98
98 187
43 98
48 98
49 98
50 98
98 137
53 98
54 98
55 98
58 98
62 98
63 98
66 98
67 98
98 165
74 98
75 98
79 98
81 98
97 98
98 99
98 100
98 101
98 102
98 207
98 106
98 144
98 109
98 145
98 110
98 117
98 118
98 119
98 121
98 123
98 125
98 126
98 176
98 127
98 130
4 99
99 147
99 134
8 99
9 99
11 99
99 149
99 181
99 135
24 99
99 156
99 216
42 99
50 99
62 99
65 99
99 139
76 99
99 166
99 142
99 200
99 168
93 99
99 100
99 205
99 103
99 106
99 107
99 108
99 109
99 145
99 110
99 113
99 114
99 117
99 118
99 120
99 146
99 123
99 126
99 177
99 213
99 179
99 132
8 169
10 169
11 169
148 169
169 181
26 169
33 169
35 169
38 169
162 169
54 169
138 169
59 169
78 169
169 220
142 169
83 169
89 169
90 169
100 169
169 206
169 170
169 171
109 169
117 169
169 228
169 173
125 169
169 176
129 169
147 170
170 181
170 182
24 170
162 170
50 170
51 170
52 170
53 170
138 170
139 170
170 194
83 170
170 221
89 170
90 170
92 170
98 170
100 170
106 170
107 170
109 170
145 170
112 170
113 170
114 170
120 170
121 170
170 175
147 171
11 171
171 181
24 171
35 171
49 171
162 171
50 171
52 171
138 171
71 171
78 171
171 221
90 171
92 171
171 206
105 171
145 171
110 171
112 171
113 171
117 171
171 173
121 171
171 223
125 171
126 171
128 171
2 102
3 102
4 102
102 147
102 134
9 102
11 102
102 135
19 102
102 154
102 136
102 156
43 102
46 102
102 160
102 162
102 192
102 138
59 102
62 102
63 102
66 102
67 102
68 102
74 102
78 102
87 102
89 102
102 168
93 102
100 102
102 103
102 207
102 144
102 108
102 172
102 109
102 110
102 208
102 113
102 114
102 117
102 119
102 120
102 122
102 123
102 125
102 212
102 126
102 176
102 129
102 130
102 179
102 132
5 207
8 207
148 207
30 207
33 207
155 207
162 207
54 207
62 207
78 207
94 207
100 207
145 207
110 207
113 207
117 207
119 207
121 207
125 207
126 207
130 207
179 207
132 207
8 106
9 106
16 106
106 151
17 106
106 135
19 106
24 106
106 136
106 187
42 106
106 162
66 106
68 106
69 106
78 106
83 106
106 196
106 197
87 106
106 202
106 168
93 106
96 106
97 106
106 107
106 113
106 114
106 117
106 173
106 125
106 175
106 126
106 130
106 179
106 132
134 144
8 144
9 144
144 149
144 181
144 152
135 144
19 144
22 144
24 144
144 184
144 185
31 144
33 144
144 161
144 162
137 144
51 144
55 144
144 192
58 144
63 144
65 144
67 144
70 144
72 144
74 144
76 144
140 144
78 144
144 166
144 194
83 144
86 144
89 144
90 144
144 168
93 144
144 204
97 144
100 144
143 144
103 144
104 144
108 144
110 144
112 144
114 144
117 144
144 173
119 144
120 144
121 144
144 146
144 223
125 144
126 144
127 144
144 177
129 144
144 214
130 144
144 179
4 108
108 147
10 108
108 150
108 151
108 135
19 108
108 182
23 108
24 108
108 153
30 108
33 108
108 155
108 156
108 188
108 189
43 108
46 108
108 160
108 162
108 137
54 108
55 108
108 192
65 108
66 108
69 108
70 108
79 108
86 108
87 108
108 199
89 108
93 108
97 108
100 108
103 108
104 108
107 108
108 172
108 109
108 145
108 111
108 113
108 116
108 117
108 173
108 119
108 146
108 223
108 122
108 125
108 175
108 127
2 109
109 134
8 109
9 109
109 180
109 149
16 109
109 181
18 109
109 135
19 109
109 182
24 109
30 109
109 185
109 136
109 156
109 186
43 109
44 109
109 161
55 109
59 109
63 109
65 109
109 193
68 109
74 109
78 109
109 194
109 142
83 109
109 221
109 227
109 197
87 109
109 202
89 109
96 109
97 109
100 109
109 143
103 109
104 109
107 109
109 145
109 110
109 112
109 114
109 115
109 116
109 117
109 118
109 209
109 120
109 146
109 123
109 125
109 175
109 212
109 126
109 130
109 132
2 110
3 110
4 110
8 110
16 110
110 151
110 135
19 110
22 110
110 136
110 216
110 217
42 110
46 110
110 190
110 193
66 110
76 110
110 220
110 194
110 142
83 110
110 197
110 202
110 168
93 110
96 110
110 205
110 222
110 206
103 110
104 110
110 112
110 115
110 118
110 209
110 173
110 120
110 121
110 223
110 210
110 122
110 123
110 125
110 175
110 126
110 177
110 213
110 214
110 131
110 132
112 147
22 112
24 112
112 184
112 155
112 136
37 112
50 112
112 137
63 112
67 112
83 112
112 221
93 112
106 112
112 113
112 115
112 117
112 120
112 124
112 125
112 126
112 128
112 132
2 113
3 113
8 113
113 180
11 113
113 149
113 181
113 151
17 113
18 113
113 135
19 113
113 182
24 113
30 113
33 113
113 154
113 156
113 216
113 189
43 113
44 113
46 113
113 162
113 192
63 113
69 113
74 113
78 113
113 142
113 195
83 113
113 221
113 196
113 197
87 113
113 168
113 204
97 113
113 205
113 222
113 206
113 143
107 113
113 145
113 114
113 115
113 116
113 120
113 122
113 174
113 125
113 126
113 176
113 128
113 177
113 129
113 214
113 179
113 132
2 114
3 114
4 114
114 147
114 134
114 180
11 114
114 181
114 151
17 114
114 135
19 114
114 182
29 114
114 136
114 156
114 216
114 217
114 186
46 114
114 160
62 114
65 114
66 114
69 114
78 114
79 114
114 220
114 194
83 114
114 196
114 197
89 114
114 168
93 114
114 204
101 114
104 114
114 172
114 116
114 173
114 119
114 120
114 121
114 146
114 223
114 123
114 125
114 126
114 176
114 128
114 129
114 214
114 131
114 132
4 117
117 147
117 134
117 180
16 117
17 117
117 135
19 117
22 117
117 183
30 117
117 186
117 187
42 117
50 117
55 117
62 117
63 117
65 117
117 193
69 117
78 117
79 117
117 142
83 117
117 221
117 202
117 203
117 205
117 143
104 117
107 117
117 172
117 145
116 117
117 209
117 173
117 175
117 126
117 128
117 177
117 129
117 214
117 179
11 174
135 174
24 174
174 183
174 184
42 174
46 174
137 174
53 174
65 174
66 174
164 174
139 174
72 174
75 174
140 174
166 174
174 203
90 174
93 174
95 174
100 174
174 205
102 174
107 174
109 174
115 174
116 174
121 174
174 223
122 174
123 174
125 174
131 174
118 147
118 150
118 181
17 118
118 135
118 184
28 118
118 185
118 154
37 118
43 118
118 160
62 118
68 118
74 118
118 140
78 118
118 220
83 118
118 227
118 197
87 118
89 118
90 118
93 118
96 118
97 118
102 118
104 118
107 118
118 172
115 118
118 173
118 120
118 121
118 125
118 211
118 176
118 128
118 132
3 173
147 173
9 173
11 173
173 181
20 173
173 182
24 173
33 173
136 173
39 173
159 173
46 173
50 173
59 173
61 173
67 173
68 173
139 173
75 173
173 220
166 173
87 173
93 173
100 173
104 173
111 173
173 228
173 175
173 226
126 173
128 173
132 173
14 120
120 150
120 151
17 120
120 135
30 120
33 120
120 154
38 120
120 156
120 189
43 120
120 160
120 161
120 162
50 120
55 120
62 120
63 120
67 120
120 139
78 120
120 142
120 196
89 120
96 120
97 120
100 120
115 120
120 223
120 122
120 125
120 175
120 129
120 179
121 134
8 121
9 121
121 149
18 121
121 135
22 121
121 182
24 121
25 121
121 154
121 189
43 121
46 121
50 121
55 121
121 192
66 121
67 121
68 121
74 121
76 121
79 121
83 121
89 121
121 222
103 121
107 121
115 121
116 121
121 209
119 121
121 125
121 175
121 126
121 176
121 128
121 177
121 129
121 130
2 122
3 122
122 147
13 122
14 122
122 181
18 122
20 122
122 182
23 122
122 183
30 122
122 155
122 136
122 158
42 122
122 189
122 159
122 160
122 190
48 122
59 122
62 122
67 122
73 122
76 122
78 122
122 220
122 166
122 142
83 122
122 227
122 196
86 122
122 199
93 122
122 231
97 122
100 122
122 222
122 206
122 170
122 143
104 122
122 145
112 122
115 122
119 122
122 223
122 125
122 129
122 213
2 125
3 125
4 125
125 147
125 134
125 215
16 125
125 181
18 125
125 135
24 125
25 125
30 125
125 136
125 217
42 125
43 125
55 125
125 192
63 125
65 125
67 125
78 125
125 232
125 220
125 195
125 221
125 196
125 199
125 167
89 125
125 168
93 125
96 125
100 125
125 205
125 206
101 125
104 125
115 125
125 209
125 146
125 223
123 125
125 175
125 212
125 126
125 176
125 128
125 177
125 213
125 214
125 130
125 131
125 179
125 132
2 175
3 175
133 175
147 175
9 175
175 181
151 175
17 175
18 175
19 175
30 175
37 175
156 175
175 186
43 175
44 175
49 175
137 175
55 175
59 175
63 175
67 175
69 175
74 175
78 175
83 175
175 196
89 175
175 231
100 175
175 206
103 175
172 175
145 175
175 208
111 175
115 175
119 175
123 175
175 176
129 175
130 175
175 179
128 147
8 128
128 148
128 149
17 128
128 152
128 135
24 128
33 128
128 155
43 128
128 218
128 161
55 128
63 128
66 128
68 128
70 128
71 128
78 128
83 128
87 128
93 128
100 128
104 128
107 128
115 128
119 128
123 128
128 174
128 175
126 128
126 134
126 180
126 149
22 126
126 183
126 184
30 126
33 126
126 136
126 156
126 216
126 186
126 187
42 126
126 188
44 126
126 162
55 126
62 126
63 126
65 126
66 126
67 126
68 126
74 126
76 126
78 126
79 126
87 126
126 199
126 202
126 168
93 126
126 204
96 126
100 126
126 205
126 206
101 126
103 126
126 172
126 145
126 208
115 126
116 126
126 210
123 126
126 129
126 213
126 130
126 131
126 132
2 129
4 129
129 147
129 181
17 129
129 182
29 129
33 129
55 129
83 129
129 200
89 129
107 129
129 223
129 130
129 131
129 179
1 145
145 147
8 145
9 145
11 145
145 150
145 151
17 145
135 145
24 145
25 145
145 183
30 145
33 145
136 145
37 145
145 218
49 145
59 145
65 145
67 145
68 145
69 145
74 145
76 145
78 145
79 145
145 194
87 145
90 145
92 145
145 205
101 145
115 145
145 228
123 145
145 177
130 145
131 145
132 145
4 179
17 179
23 179
24 179
154 179
179 235
179 217
179 187
159 179
46 179
179 218
55 179
62 179
65 179
67 179
179 232
179 195
86 179
87 179
89 179
179 208
119 179
130 179
132 179
