243 8193
1 2
1 3
1 4
1 5
1 6
1 10
1 14
1 15
1 16
1 21
1 23
1 25
1 26
1 27
1 32
1 33
1 34
1 35
1 37
1 38
1 40
1 41
1 42
1 45
1 51
1 53
1 55
1 57
1 58
1 59
1 60
1 61
1 62
1 63
1 64
1 65
1 66
1 69
1 71
1 72
1 73
1 76
1 77
1 79
1 80
1 81
1 82
1 84
1 85
1 86
1 87
1 88
1 90
1 91
1 96
2 97
3 97
6 97
8 97
97 102
9 97
10 97
97 104
97 105
13 97
97 106
15 97
17 97
18 97
20 97
21 97
97 115
22 97
97 117
24 97
97 119
27 97
97 122
28 97
97 123
31 97
32 97
35 97
36 97
39 97
40 97
45 97
97 130
46 97
47 97
48 97
50 97
97 132
52 97
53 97
54 97
97 137
55 97
97 138
97 139
97 141
57 97
58 97
59 97
97 144
61 97
63 97
97 146
97 148
64 97
97 149
65 97
97 150
97 151
66 97
67 97
68 97
97 152
69 97
70 97
97 157
71 97
97 158
72 97
73 97
74 97
75 97
97 159
76 97
77 97
78 97
79 97
81 97
97 161
82 97
84 97
97 162
97 163
87 97
97 164
97 165
90 97
92 97
93 97
94 97
97 167
97 168
97 169
97 170
4 7
4 8
4 100
4 102
4 11
4 105
4 15
4 16
4 17
4 109
4 19
4 111
4 21
4 23
4 117
4 25
4 173
4 27
4 122
4 29
4 30
4 174
4 31
4 33
4 34
4 176
4 35
4 36
4 128
4 38
4 41
4 45
4 130
4 46
4 47
4 48
4 49
4 51
4 135
4 177
4 136
4 55
4 138
4 139
4 140
4 141
4 142
4 58
4 59
4 60
4 144
4 62
4 147
4 179
4 180
4 149
4 65
4 151
4 66
4 70
4 182
4 183
4 158
4 74
4 75
4 159
4 76
4 78
4 79
4 82
4 162
4 85
4 86
4 87
4 88
4 89
4 164
4 90
4 91
4 94
4 168
4 169
4 170
4 95
4 96
3 99
8 99
99 102
99 184
13 99
99 106
15 99
18 99
99 186
99 111
99 113
25 99
27 99
99 120
29 99
99 123
32 99
99 125
99 176
99 126
99 187
35 99
36 99
38 99
43 99
45 99
48 99
99 133
99 134
54 99
55 99
56 99
57 99
61 99
62 99
99 189
63 99
99 190
99 149
99 151
66 99
67 99
68 99
99 155
99 191
99 192
99 156
99 157
80 99
81 99
99 161
82 99
83 99
84 99
89 99
99 194
99 165
90 99
93 99
99 169
96 99
2 6
6 98
6 7
6 8
6 100
6 9
6 105
6 13
6 106
6 16
6 107
6 110
6 111
6 114
6 24
6 25
6 118
6 26
6 119
6 28
6 196
6 197
6 123
6 31
6 198
6 199
6 32
6 124
6 33
6 34
6 125
6 126
6 187
6 35
6 37
6 38
6 39
6 129
6 40
6 132
6 51
6 52
6 134
6 53
6 135
6 55
6 200
6 56
6 139
6 140
6 141
6 59
6 60
6 178
6 144
6 61
6 63
6 145
6 147
6 64
6 181
6 66
6 67
6 68
6 153
6 69
6 155
6 192
6 71
6 158
6 73
6 75
6 76
6 80
6 81
6 161
6 82
6 83
6 84
6 85
6 87
6 88
6 164
6 92
6 166
6 167
6 168
6 202
6 95
6 96
2 191
3 191
6 191
100 191
102 191
10 191
13 191
106 191
185 191
15 191
18 191
20 191
22 191
26 191
173 191
119 191
120 191
29 191
30 191
32 191
34 191
125 191
176 191
187 191
35 191
37 191
40 191
45 191
49 191
57 191
188 191
59 191
178 191
149 191
65 191
151 191
69 191
191 192
158 191
74 191
78 191
79 191
82 191
83 191
86 191
89 191
90 191
92 191
93 191
2 7
7 98
5 7
7 9
7 104
7 12
7 105
7 106
7 14
7 195
7 15
7 16
7 108
7 109
7 186
7 111
7 113
7 20
7 205
7 206
7 21
7 114
7 115
7 116
7 207
7 117
7 24
7 119
7 120
7 121
7 208
7 196
7 30
7 174
7 210
7 197
7 198
7 124
7 211
7 34
7 125
7 212
7 176
7 126
7 187
7 35
7 36
7 37
7 38
7 39
7 40
7 45
7 46
7 131
7 132
7 53
7 135
7 137
7 55
7 200
7 139
7 140
7 141
7 58
7 188
7 178
7 213
7 214
7 62
7 215
7 147
7 217
7 64
7 180
7 219
7 190
7 220
7 221
7 181
7 151
7 222
7 68
7 69
7 70
7 182
7 155
7 183
7 157
7 71
7 158
7 72
7 201
7 74
7 76
7 160
7 79
7 83
7 84
7 162
7 85
7 163
7 226
7 87
7 88
7 194
7 90
7 93
7 228
7 229
7 94
7 167
7 168
7 202
7 170
7 172
2 8
3 8
8 231
8 98
8 100
8 102
8 9
8 184
8 10
8 103
8 11
8 105
8 106
8 14
8 204
8 15
8 107
8 18
8 186
8 112
8 20
8 116
8 22
8 23
8 25
8 26
8 119
8 27
8 122
8 208
8 196
8 29
8 198
8 199
8 32
8 124
8 33
8 211
8 34
8 125
8 176
8 126
8 37
8 129
8 40
8 42
8 43
8 44
8 46
8 48
8 49
8 50
8 132
8 134
8 53
8 135
8 177
8 55
8 57
8 188
8 59
8 144
8 61
8 189
8 215
8 216
8 63
8 147
8 180
8 190
8 150
8 222
8 67
8 152
8 182
8 155
8 158
8 72
8 159
8 77
8 78
8 79
8 80
8 161
8 82
8 83
8 84
8 162
8 163
8 88
8 89
8 165
8 90
8 93
8 166
8 167
8 202
8 230
8 170
8 171
8 95
9 100
9 101
9 106
9 185
9 108
9 29
9 32
9 33
9 34
9 130
9 49
9 51
9 134
9 135
9 54
9 55
9 56
9 141
9 57
9 58
9 143
9 144
9 61
9 62
9 63
9 64
9 67
9 68
9 72
9 73
9 74
9 159
9 78
9 80
9 82
9 83
9 85
9 87
9 164
9 90
9 168
9 202
2 189
100 189
101 189
10 189
103 189
106 189
18 189
186 189
19 189
21 189
22 189
117 189
26 189
27 189
120 189
32 189
34 189
176 189
35 189
37 189
38 189
45 189
134 189
54 189
56 189
57 189
61 189
62 189
63 189
181 189
66 189
67 189
70 189
189 192
71 189
78 189
81 189
82 189
83 189
86 189
89 189
94 189
168 189
96 189
2 5
3 5
5 203
5 98
5 184
5 15
5 111
5 20
5 206
5 23
5 24
5 26
5 122
5 29
5 30
5 31
5 36
5 37
5 128
5 38
5 41
5 44
5 45
5 48
5 49
5 50
5 131
5 132
5 51
5 52
5 135
5 55
5 142
5 188
5 144
5 63
5 217
5 64
5 149
5 66
5 153
5 191
5 158
5 73
5 74
5 160
5 81
5 83
5 162
5 85
5 87
5 89
5 164
5 194
5 92
5 202
5 169
5 95
10 100
100 103
13 100
100 106
100 186
100 111
100 113
21 100
22 100
100 117
24 100
100 173
100 119
27 100
100 120
100 196
32 100
34 100
100 127
100 128
38 100
100 129
40 100
42 100
49 100
55 100
100 140
100 141
62 100
100 179
64 100
100 149
65 100
100 181
68 100
70 100
71 100
73 100
74 100
77 100
79 100
81 100
85 100
100 194
93 100
94 100
95 100
96 100
2 101
100 101
10 101
101 105
13 101
101 195
101 107
101 109
19 101
101 113
21 101
22 101
24 101
29 101
30 101
31 101
34 101
101 127
36 101
37 101
39 101
101 129
42 101
47 101
48 101
49 101
51 101
101 133
52 101
101 136
101 137
55 101
101 200
56 101
101 141
60 101
101 143
101 144
101 149
101 181
66 101
71 101
101 158
75 101
101 159
77 101
78 101
80 101
83 101
84 101
90 101
92 101
93 101
101 166
101 228
101 168
101 171
95 101
101 172
3 102
1 102
98 102
100 102
102 104
102 105
102 185
102 195
16 102
18 102
19 102
102 113
20 102
22 102
24 102
25 102
102 118
26 102
102 173
102 119
27 102
102 120
29 102
30 102
102 174
102 210
102 197
102 198
32 102
102 124
102 211
34 102
102 175
102 125
102 212
102 126
35 102
102 234
37 102
102 128
38 102
102 129
41 102
42 102
45 102
46 102
48 102
49 102
102 132
53 102
102 136
102 137
55 102
102 200
102 138
102 139
102 140
102 141
102 142
59 102
102 143
102 178
102 214
62 102
102 189
102 216
63 102
102 148
102 179
102 219
65 102
102 181
102 151
66 102
102 222
67 102
68 102
102 152
102 153
102 235
102 193
102 157
71 102
102 201
73 102
76 102
77 102
102 160
80 102
81 102
82 102
85 102
102 163
89 102
102 165
90 102
92 102
102 166
102 167
102 168
102 202
95 102
102 172
3 184
1 184
97 184
184 203
4 184
9 184
10 184
103 184
11 184
184 236
13 184
106 184
14 184
184 195
15 184
109 184
18 184
184 186
113 184
20 184
184 206
184 207
117 184
24 184
26 184
173 184
27 184
28 184
184 196
29 184
30 184
174 184
123 184
184 198
32 184
124 184
175 184
184 212
176 184
126 184
128 184
38 184
39 184
41 184
42 184
44 184
46 184
47 184
49 184
132 184
134 184
177 184
55 184
138 184
139 184
140 184
141 184
57 184
142 184
58 184
59 184
178 184
61 184
62 184
63 184
146 184
64 184
184 190
149 184
151 184
66 184
68 184
153 184
69 184
70 184
155 184
157 184
158 184
72 184
184 201
75 184
159 184
76 184
78 184
79 184
81 184
161 184
82 184
84 184
85 184
87 184
89 184
92 184
168 184
171 184
96 184
2 10
3 10
10 98
10 104
10 105
10 13
10 204
10 185
10 16
10 107
10 109
10 186
10 111
10 21
10 114
10 237
10 115
10 116
10 23
10 24
10 25
10 173
10 119
10 27
10 120
10 121
10 208
10 232
10 209
10 196
10 30
10 198
10 32
10 33
10 175
10 125
10 35
10 234
10 36
10 37
10 128
10 38
10 39
10 40
10 41
10 42
10 43
10 130
10 49
10 50
10 131
10 132
10 51
10 134
10 53
10 54
10 177
10 138
10 56
10 140
10 141
10 188
10 178
10 213
10 144
10 214
10 61
10 145
10 146
10 221
10 149
10 65
10 150
10 181
10 67
10 153
10 69
10 70
10 155
10 192
10 156
10 157
10 158
10 201
10 159
10 77
10 78
10 160
10 79
10 83
10 84
10 162
10 87
10 89
10 194
10 227
10 165
10 90
10 91
10 93
10 229
10 94
10 167
10 168
10 202
10 169
10 170
10 171
10 95
10 172
2 17
17 231
17 203
17 98
17 103
13 17
17 109
17 18
17 19
17 113
17 20
17 206
17 22
17 117
17 24
17 26
17 27
17 122
17 30
17 198
17 124
17 33
17 211
17 125
17 126
17 127
17 37
17 38
17 129
17 40
17 44
17 45
17 130
17 46
17 51
17 137
17 55
17 141
17 142
17 58
17 60
17 62
17 145
17 150
17 67
17 153
17 158
17 73
17 74
17 159
17 76
17 78
17 160
17 161
17 84
17 163
17 87
17 88
17 89
17 164
17 165
17 90
17 92
17 93
17 167
17 202
17 169
17 171
17 172
2 106
101 106
106 236
106 186
106 111
106 113
20 106
24 106
106 119
27 106
106 120
106 208
32 106
34 106
106 176
106 127
106 128
38 106
40 106
42 106
45 106
57 106
61 106
106 145
67 106
72 106
79 106
81 106
82 106
85 106
88 106
90 106
91 106
93 106
106 168
106 171
96 106
2 118
3 118
118 231
98 118
100 118
105 118
17 118
18 118
118 186
112 118
118 205
115 118
118 207
117 118
24 118
25 118
26 118
118 122
30 118
32 118
33 118
118 211
34 118
118 175
118 125
118 212
118 176
118 126
118 187
35 118
36 118
38 118
39 118
40 118
46 118
48 118
49 118
50 118
118 134
54 118
118 177
118 136
118 137
118 140
57 118
59 118
61 118
63 118
118 147
118 217
64 118
118 190
118 149
65 118
68 118
118 152
118 223
70 118
118 183
118 156
118 158
73 118
80 118
118 161
82 118
84 118
85 118
118 163
88 118
90 118
94 118
118 169
118 172
3 11
9 11
11 13
11 15
11 108
11 109
11 18
11 111
11 112
11 20
11 206
11 21
11 116
11 24
11 25
11 26
11 27
11 120
11 122
11 28
11 29
11 174
11 32
11 124
11 34
11 126
11 42
11 44
11 45
11 52
11 57
11 60
11 213
11 61
11 145
11 65
11 181
11 151
11 66
11 70
11 191
11 71
11 75
11 78
11 81
11 161
11 82
11 84
11 89
11 92
11 166
11 94
11 167
11 169
11 95
11 96
2 105
18 105
20 105
105 114
105 116
25 105
26 105
29 105
32 105
105 124
34 105
36 105
39 105
105 129
40 105
41 105
105 133
105 136
105 137
105 214
105 147
67 105
68 105
70 105
72 105
73 105
74 105
78 105
79 105
80 105
83 105
105 165
93 105
2 13
13 105
13 185
13 110
13 19
13 114
13 116
13 22
13 25
13 26
13 173
13 27
13 120
13 121
13 122
13 28
13 232
13 174
13 197
13 123
13 124
13 33
13 211
13 34
13 212
13 126
13 127
13 37
13 128
13 38
13 43
13 45
13 130
13 47
13 48
13 131
13 133
13 52
13 53
13 200
13 56
13 139
13 57
13 58
13 59
13 178
13 144
13 61
13 216
13 145
13 147
13 64
13 180
13 219
13 221
13 150
13 181
13 151
13 67
13 223
13 70
13 183
13 157
13 71
13 158
13 72
13 74
13 75
13 77
13 160
13 79
13 80
13 161
13 82
13 163
13 225
13 226
13 86
13 89
13 164
13 227
13 165
13 90
13 92
13 94
13 168
13 202
13 95
13 172
13 96
2 15
3 15
15 98
15 104
15 105
15 16
15 107
15 108
15 109
15 111
15 112
15 20
15 21
15 114
15 117
15 24
15 26
15 173
15 27
15 120
15 232
15 209
15 174
15 123
15 32
15 34
15 125
15 126
15 187
15 127
15 36
15 39
15 129
15 45
15 46
15 47
15 53
15 177
15 136
15 55
15 138
15 56
15 141
15 142
15 59
15 178
15 213
15 62
15 215
15 216
15 63
15 147
15 149
15 65
15 150
15 151
15 222
15 67
15 153
15 70
15 192
15 193
15 156
15 201
15 74
15 75
15 76
15 77
15 78
15 79
15 80
15 81
15 84
15 85
15 87
15 89
15 164
15 94
15 169
15 170
15 171
15 95
15 172
16 108
108 113
108 116
23 108
24 108
27 108
108 120
108 122
108 209
29 108
32 108
34 108
37 108
108 128
38 108
39 108
40 108
46 108
50 108
108 132
51 108
108 141
60 108
108 189
108 215
63 108
108 147
108 218
108 219
65 108
108 181
66 108
67 108
68 108
74 108
108 159
76 108
79 108
82 108
83 108
85 108
89 108
108 164
90 108
91 108
92 108
108 166
108 229
94 108
108 168
108 202
108 169
108 171
99 110
100 110
11 110
106 110
14 110
15 110
109 110
18 110
20 110
21 110
110 116
24 110
110 122
110 209
110 196
30 110
110 126
110 187
38 110
39 110
110 129
43 110
54 110
55 110
110 139
110 141
57 110
61 110
63 110
110 219
110 221
110 181
110 151
67 110
70 110
110 193
110 157
71 110
74 110
110 159
79 110
81 110
83 110
85 110
110 226
89 110
110 171
2 167
98 167
107 167
19 167
113 167
20 167
22 167
24 167
26 167
120 167
122 167
30 167
167 197
123 167
167 198
124 167
167 175
167 176
126 167
36 167
37 167
38 167
39 167
41 167
43 167
45 167
46 167
47 167
48 167
132 167
51 167
133 167
53 167
167 177
136 167
167 200
138 167
140 167
57 167
59 167
60 167
167 213
144 167
146 167
147 167
149 167
150 167
167 181
152 167
153 167
70 167
78 167
160 167
79 167
80 167
82 167
83 167
84 167
163 167
86 167
92 167
167 169
2 107
98 107
20 107
21 107
25 107
107 118
107 173
107 122
29 107
30 107
33 107
107 176
37 107
38 107
39 107
107 129
42 107
43 107
46 107
47 107
107 134
54 107
107 138
107 140
107 141
60 107
61 107
64 107
69 107
70 107
71 107
74 107
79 107
82 107
83 107
92 107
93 107
107 172
2 109
3 109
98 109
100 109
108 109
18 109
109 112
21 109
109 114
109 115
24 109
25 109
109 173
27 109
109 120
109 121
30 109
109 123
109 124
33 109
34 109
109 176
109 128
38 109
40 109
42 109
45 109
47 109
48 109
53 109
109 177
109 137
55 109
109 139
109 140
59 109
109 178
61 109
109 215
63 109
109 146
109 147
64 109
65 109
109 151
68 109
109 153
70 109
109 158
109 201
73 109
74 109
76 109
78 109
81 109
109 161
82 109
84 109
85 109
109 163
109 226
86 109
88 109
90 109
92 109
109 228
94 109
109 169
96 109
2 18
18 231
18 103
18 104
12 18
18 236
14 18
18 204
18 185
16 18
18 186
18 19
18 111
18 112
18 20
18 206
18 21
18 114
18 116
18 207
18 23
18 117
18 24
18 25
18 119
18 120
18 196
18 30
18 174
18 198
18 32
18 124
18 33
18 34
18 175
18 125
18 212
18 176
18 35
18 37
18 129
18 40
18 41
18 43
18 45
18 46
18 49
18 50
18 132
18 51
18 52
18 135
18 54
18 200
18 141
18 57
18 58
18 188
18 143
18 213
18 144
18 61
18 62
18 216
18 63
18 145
18 217
18 218
18 149
18 65
18 150
18 181
18 66
18 222
18 68
18 69
18 70
18 154
18 182
18 155
18 192
18 193
18 71
18 158
18 201
18 74
18 75
18 76
18 78
18 224
18 80
18 161
18 82
18 226
18 165
18 92
18 93
18 166
18 94
18 169
18 170
18 171
18 172
19 111
19 20
19 115
19 116
19 26
19 121
19 30
19 123
19 124
19 36
19 38
19 39
19 40
19 45
19 49
19 51
19 238
19 57
19 59
19 178
19 61
19 147
19 64
19 71
19 78
19 80
19 82
19 83
19 163
19 88
19 94
2 113
1 113
113 203
12 113
105 113
16 113
107 113
111 113
20 113
113 114
113 115
22 113
23 113
113 117
24 113
25 113
113 119
113 120
28 113
113 196
113 123
31 113
113 124
34 113
113 125
113 126
113 187
35 113
113 127
37 113
113 128
40 113
44 113
113 130
46 113
49 113
113 133
52 113
53 113
113 135
113 136
113 137
113 138
113 139
57 113
58 113
59 113
60 113
61 113
113 146
113 147
64 113
113 190
113 220
113 149
113 150
113 181
66 113
67 113
113 152
113 153
69 113
113 192
113 156
71 113
72 113
113 201
78 113
79 113
113 161
82 113
83 113
113 162
85 113
86 113
88 113
113 164
113 165
90 113
91 113
92 113
93 113
2 20
20 98
16 20
20 186
20 111
20 112
20 114
20 115
20 22
20 23
20 117
20 24
20 26
20 119
20 27
20 120
20 208
20 196
20 174
20 197
20 123
20 31
20 198
20 199
20 32
20 211
20 34
20 175
20 125
20 176
20 126
20 127
20 36
20 128
20 38
20 41
20 42
20 45
20 130
20 49
20 131
20 132
20 51
20 133
20 52
20 53
20 54
20 136
20 137
20 55
20 56
20 57
20 60
20 213
20 61
20 215
20 216
20 145
20 147
20 218
20 179
20 190
20 220
20 221
20 149
20 181
20 66
20 67
20 153
20 235
20 69
20 156
20 158
20 201
20 73
20 74
20 75
20 159
20 77
20 78
20 160
20 80
20 81
20 82
20 83
20 162
20 85
20 86
20 88
20 165
20 90
20 93
20 166
20 94
20 168
20 95
20 172
20 96
2 36
36 98
36 104
12 36
36 204
36 195
36 113
36 116
22 36
36 117
25 36
26 36
36 119
36 121
28 36
36 196
36 123
31 36
36 198
32 36
33 36
36 211
36 125
36 176
36 126
36 187
35 36
36 127
36 37
36 128
36 38
36 129
36 41
36 42
36 43
36 44
36 45
36 46
36 47
36 48
36 49
36 50
36 131
36 133
36 53
36 135
36 55
36 138
36 140
36 57
36 142
36 143
36 178
36 213
36 216
36 145
36 147
36 148
36 179
36 149
36 150
36 66
36 67
36 152
36 153
36 69
36 154
36 71
36 158
36 73
36 74
36 77
36 78
36 79
36 82
36 84
36 163
36 226
36 86
36 89
36 227
36 93
36 166
36 94
36 168
36 202
36 171
36 172
36 96
2 21
3 21
21 204
21 185
21 195
16 21
21 186
19 21
21 206
21 117
21 24
21 173
21 119
21 27
21 121
21 122
21 208
21 28
21 232
21 196
21 30
21 174
21 123
21 31
21 33
21 34
21 175
21 125
21 176
21 35
21 234
21 127
21 37
21 38
21 129
21 41
21 42
21 43
21 46
21 47
21 51
21 133
21 53
21 135
21 54
21 177
21 136
21 137
21 55
21 200
21 139
21 140
21 57
21 142
21 188
21 59
21 60
21 143
21 178
21 144
21 61
21 215
21 147
21 218
21 180
21 221
21 149
21 150
21 151
21 67
21 68
21 155
21 192
21 156
21 71
21 158
21 72
21 74
21 75
21 159
21 76
21 78
21 160
21 81
21 161
21 83
21 84
21 85
21 225
21 88
21 164
21 165
21 91
21 93
21 94
21 169
21 230
21 95
21 172
2 177
9 177
12 177
105 177
177 195
16 177
116 177
23 177
117 177
24 177
25 177
173 177
119 177
30 177
174 177
32 177
34 177
176 177
38 177
39 177
40 177
42 177
45 177
46 177
49 177
50 177
52 177
55 177
56 177
140 177
141 177
59 177
61 177
177 215
145 177
151 177
66 177
153 177
71 177
72 177
75 177
160 177
82 177
88 177
89 177
164 177
91 177
166 177
94 177
169 177
2 114
21 114
114 117
25 114
26 114
30 114
114 174
114 198
32 114
34 114
39 114
114 129
41 114
42 114
45 114
49 114
54 114
114 140
59 114
114 213
71 114
74 114
114 160
79 114
114 161
83 114
86 114
87 114
114 166
114 169
114 171
96 114
203 207
196 207
30 207
174 207
207 212
38 207
42 207
45 207
207 216
207 217
64 207
74 207
2 22
3 22
22 103
12 22
16 22
22 111
22 23
22 24
22 173
22 27
22 120
22 28
22 124
22 33
22 125
22 126
22 37
22 40
22 41
22 42
22 43
22 45
22 130
22 46
22 47
22 50
22 51
22 53
22 135
22 136
22 140
22 141
22 144
22 62
22 215
22 216
22 145
22 146
22 179
22 64
22 190
22 220
22 221
22 150
22 181
22 151
22 67
22 68
22 235
22 69
22 70
22 192
22 157
22 158
22 75
22 159
22 77
22 82
22 84
22 85
22 165
22 166
22 239
22 94
22 230
22 95
22 96
2 23
3 23
23 98
23 103
12 23
23 185
23 111
23 112
23 206
23 115
23 116
23 24
23 118
23 26
23 119
23 27
23 122
23 209
23 29
23 30
23 174
23 210
23 31
23 198
23 124
23 33
23 211
23 212
23 176
23 35
23 233
23 127
23 39
23 40
23 42
23 45
23 46
23 52
23 54
23 136
23 55
23 142
23 60
23 178
23 144
23 215
23 63
23 145
23 146
23 147
23 217
23 64
23 149
23 150
23 66
23 67
23 152
23 154
23 193
23 157
23 71
23 158
23 72
23 201
23 73
23 74
23 75
23 159
23 76
23 77
23 160
23 79
23 224
23 161
23 82
23 83
23 84
23 162
23 85
23 164
23 93
23 94
23 167
23 168
23 202
23 169
2 43
4 43
43 103
43 105
43 106
43 111
43 115
24 43
26 43
43 173
43 119
27 43
43 121
43 232
29 43
43 197
43 123
33 43
34 43
43 176
43 187
43 127
37 43
42 43
43 45
43 47
43 49
43 51
43 53
43 136
43 56
43 140
43 141
43 57
43 142
43 60
43 143
43 144
43 216
43 147
43 219
43 149
43 65
43 153
43 69
43 70
43 193
43 157
43 158
43 201
43 73
43 77
43 79
43 80
43 82
43 84
43 163
43 86
43 87
43 88
43 89
43 165
43 166
43 228
43 168
43 172
43 96
2 117
98 117
9 117
103 117
117 204
117 185
117 195
108 117
112 117
117 207
117 173
27 117
117 208
29 117
30 117
33 117
34 117
117 126
117 234
117 128
39 117
40 117
41 117
45 117
117 130
47 117
48 117
49 117
117 131
51 117
117 135
55 117
117 139
117 141
57 117
59 117
60 117
117 178
62 117
63 117
117 145
117 147
117 217
117 149
65 117
117 181
117 222
67 117
69 117
70 117
117 192
117 156
117 201
117 159
80 117
81 117
82 117
86 117
87 117
89 117
117 194
90 117
91 117
92 117
93 117
117 169
117 171
95 117
3 24
24 103
24 104
12 24
24 195
24 186
19 24
24 115
24 25
24 26
24 173
24 119
24 122
24 208
24 197
24 123
24 199
24 32
24 175
24 187
24 129
24 40
24 44
24 50
24 132
24 51
24 52
24 53
24 54
24 136
24 137
24 55
24 138
24 139
24 57
24 142
24 58
24 143
24 178
24 62
24 63
24 147
24 149
24 65
24 181
24 151
24 67
24 153
24 192
24 193
24 158
24 201
24 75
24 76
24 79
24 161
24 82
24 83
24 84
24 86
24 87
24 89
24 90
24 92
24 166
24 202
24 169
24 95
24 172
2 25
3 25
25 203
25 103
25 236
25 106
25 185
16 25
25 186
19 25
25 115
25 26
25 119
25 27
25 120
25 30
25 123
25 31
25 198
25 32
25 124
25 33
25 211
25 34
25 125
25 212
25 176
25 35
25 234
25 127
25 37
25 39
25 40
25 42
25 45
25 130
25 47
25 48
25 49
25 50
25 131
25 132
25 51
25 53
25 135
25 54
25 137
25 138
25 57
25 188
25 59
25 213
25 61
25 62
25 63
25 146
25 147
25 64
25 65
25 181
25 151
25 222
25 155
25 183
25 193
25 156
25 157
25 71
25 72
25 201
25 74
25 75
25 159
25 160
25 81
25 163
25 226
25 86
25 88
25 89
25 164
25 227
25 165
25 91
25 92
25 166
25 239
25 94
25 202
25 169
25 171
25 96
2 26
26 103
26 104
26 204
26 185
16 26
26 186
26 173
26 27
26 120
26 121
26 122
26 208
26 196
26 29
26 30
26 123
26 31
26 32
26 211
26 176
26 126
26 187
26 128
26 38
26 39
26 129
26 40
26 42
26 130
26 46
26 49
26 51
26 52
26 134
26 53
26 136
26 138
26 139
26 141
26 57
26 142
26 59
26 143
26 178
26 214
26 62
26 215
26 145
26 180
26 219
26 190
26 149
26 150
26 181
26 68
26 152
26 69
26 154
26 155
26 192
26 183
26 158
26 72
26 201
26 76
26 77
26 80
26 161
26 82
26 83
26 84
26 163
26 226
26 86
26 87
26 164
26 165
26 90
26 91
26 93
26 166
26 94
26 202
26 230
26 170
26 95
26 172
1 173
173 203
173 185
173 186
116 173
120 173
30 173
173 210
32 173
173 176
35 173
127 173
36 173
37 173
128 173
38 173
40 173
41 173
48 173
49 173
55 173
138 173
139 173
173 188
63 173
64 173
65 173
68 173
173 201
74 173
159 173
78 173
81 173
161 173
84 173
85 173
86 173
90 173
166 173
173 239
168 173
95 173
96 173
27 105
27 185
16 27
27 110
27 186
27 111
27 112
27 206
27 119
27 120
27 121
27 196
27 29
27 30
27 32
27 124
27 34
27 126
27 187
27 234
27 128
27 38
27 41
27 42
27 44
27 45
27 46
27 51
27 52
27 134
27 135
27 54
27 136
27 55
27 56
27 141
27 57
27 142
27 188
27 59
27 143
27 145
27 147
27 65
27 151
27 66
27 68
27 69
27 183
27 74
27 76
27 78
27 79
27 82
27 163
27 87
27 88
27 164
27 90
27 94
27 168
98 120
103 120
105 120
16 120
120 186
111 120
120 206
120 208
120 232
32 120
120 124
33 120
120 176
35 120
120 234
120 127
37 120
40 120
44 120
45 120
120 130
49 120
51 120
54 120
55 120
120 138
58 120
120 178
61 120
62 120
63 120
120 145
69 120
75 120
120 159
76 120
78 120
82 120
83 120
89 120
92 120
120 202
120 169
120 172
96 120
2 92
3 92
92 98
12 92
92 195
16 92
92 111
92 112
92 208
29 92
92 197
92 123
32 92
92 126
37 92
38 92
42 92
45 92
92 130
47 92
52 92
53 92
54 92
92 137
55 92
92 200
57 92
59 92
60 92
92 143
92 214
62 92
63 92
92 146
92 149
92 181
66 92
68 92
92 152
92 153
70 92
72 92
92 159
76 92
78 92
92 160
79 92
80 92
92 161
82 92
83 92
84 92
92 162
85 92
92 163
89 92
92 164
92 165
90 92
92 166
92 94
92 169
92 170
3 232
1 232
97 232
100 232
101 232
104 232
12 232
18 232
20 232
22 232
117 232
28 232
29 232
32 232
124 232
34 232
176 232
36 232
37 232
128 232
39 232
40 232
41 232
42 232
47 232
49 232
131 232
132 232
177 232
200 232
57 232
59 232
143 232
146 232
147 232
220 232
65 232
150 232
151 232
66 232
153 232
70 232
154 232
71 232
201 232
74 232
78 232
160 232
79 232
161 232
84 232
162 232
85 232
163 232
194 232
227 232
165 232
90 232
91 232
93 232
166 232
94 232
95 232
101 196
9 196
196 204
196 206
117 196
196 208
174 196
31 196
32 196
176 196
187 196
38 196
40 196
41 196
42 196
44 196
45 196
46 196
50 196
131 196
137 196
55 196
56 196
57 196
60 196
144 196
196 216
146 196
147 196
196 217
196 218
64 196
196 219
190 196
196 221
149 196
150 196
151 196
196 222
67 196
68 196
153 196
69 196
182 196
191 196
71 196
158 196
196 201
77 196
78 196
79 196
83 196
196 226
86 196
88 196
89 196
196 227
90 196
92 196
94 196
196 230
95 196
96 196
2 29
3 29
29 98
12 29
14 29
29 195
29 115
29 119
29 121
29 208
29 209
29 197
29 32
29 125
29 176
29 35
29 234
29 37
29 129
29 40
29 130
29 46
29 47
29 48
29 50
29 131
29 133
29 52
29 53
29 54
29 136
29 55
29 138
29 56
29 139
29 140
29 57
29 58
29 59
29 143
29 178
29 213
29 144
29 216
29 145
29 146
29 220
29 149
29 67
29 153
29 235
29 69
29 155
29 183
29 157
29 158
29 75
29 159
29 76
29 77
29 78
29 82
29 84
29 162
29 86
29 87
29 89
29 91
29 94
29 202
29 169
29 171
29 95
29 96
2 80
80 231
80 203
80 98
80 104
80 195
80 110
80 113
80 173
27 80
80 124
80 175
80 125
80 176
80 126
80 187
80 233
80 234
80 128
38 80
39 80
80 129
42 80
45 80
48 80
49 80
53 80
54 80
80 137
55 80
80 138
56 80
80 139
80 141
57 80
80 213
80 144
61 80
62 80
63 80
80 146
80 147
80 217
80 218
80 219
80 149
80 150
80 151
66 80
67 80
68 80
69 80
70 80
80 155
80 193
80 157
71 80
80 158
80 201
74 80
75 80
77 80
80 160
80 81
80 85
80 226
80 89
80 194
80 165
80 90
80 93
80 166
80 96
2 30
30 104
30 185
16 30
30 111
30 119
30 121
30 122
30 123
30 198
30 32
30 124
30 125
30 176
30 35
30 127
30 128
30 39
30 41
30 42
30 45
30 130
30 47
30 48
30 132
30 134
30 53
30 135
30 200
30 139
30 141
30 57
30 142
30 60
30 143
30 61
30 216
30 145
30 146
30 147
30 148
30 64
30 180
30 221
30 65
30 150
30 66
30 222
30 67
30 183
30 193
30 157
30 201
30 73
30 74
30 77
30 160
30 79
30 83
30 162
30 163
30 86
30 89
30 194
30 227
30 165
30 90
30 91
30 93
30 94
30 202
30 230
30 170
30 171
30 95
30 172
2 174
3 174
1 174
97 174
99 174
6 174
100 174
103 174
16 174
108 174
113 174
24 174
119 174
120 174
122 174
174 208
31 174
174 199
32 174
124 174
34 174
174 175
174 176
126 174
174 187
35 174
37 174
128 174
38 174
42 174
44 174
45 174
130 174
47 174
132 174
51 174
54 174
138 174
56 174
141 174
57 174
59 174
61 174
174 215
63 174
64 174
149 174
65 174
150 174
174 181
151 174
67 174
174 183
71 174
72 174
78 174
79 174
80 174
81 174
161 174
82 174
83 174
84 174
89 174
90 174
92 174
174 239
94 174
96 174
100 123
102 123
106 123
111 123
121 123
123 197
34 123
37 123
123 128
38 123
40 123
44 123
45 123
46 123
49 123
50 123
51 123
123 135
123 177
123 136
123 137
123 140
57 123
59 123
123 178
123 215
63 123
123 149
66 123
67 123
68 123
69 123
123 154
123 157
71 123
72 123
73 123
74 123
78 123
123 160
85 123
93 123
95 123
3 31
31 102
31 104
31 105
31 185
31 111
31 122
28 31
31 198
31 32
31 33
31 125
31 127
31 37
31 39
31 41
31 44
31 45
31 130
31 50
31 131
31 52
31 134
31 135
31 55
31 139
31 61
31 63
31 217
31 64
31 65
31 68
31 70
31 156
31 75
31 76
31 162
31 87
31 89
31 164
31 194
31 90
31 91
31 93
31 166
31 94
31 202
31 171
2 32
32 231
32 98
32 104
12 32
32 195
16 32
32 111
32 112
32 237
32 119
32 122
28 32
32 197
32 211
32 175
32 176
32 187
32 35
32 127
32 37
32 128
32 38
32 129
32 40
32 41
32 42
32 45
32 46
32 47
32 49
32 131
32 132
32 133
32 134
32 53
32 136
32 138
32 56
32 140
32 141
32 57
32 58
32 60
32 214
32 61
32 216
32 63
32 64
32 180
32 220
32 221
32 65
32 181
32 151
32 66
32 222
32 67
32 68
32 152
32 153
32 70
32 154
32 183
32 193
32 71
32 158
32 72
32 201
32 73
32 75
32 77
32 160
32 79
32 81
32 82
32 83
32 84
32 163
32 226
32 86
32 88
32 89
32 227
32 93
32 228
32 229
32 94
32 202
32 170
32 96
98 198
14 198
124 198
33 198
128 198
38 198
129 198
40 198
45 198
49 198
54 198
55 198
56 198
141 198
59 198
178 198
61 198
63 198
147 198
149 198
67 198
70 198
198 201
73 198
160 198
83 198
85 198
87 198
89 198
169 198
96 198
2 34
34 204
34 185
34 111
34 237
34 119
34 211
34 126
34 187
34 37
34 128
34 39
34 40
34 41
34 42
34 46
34 49
34 50
34 134
34 135
34 54
34 55
34 139
34 142
34 59
34 178
34 144
34 61
34 215
34 216
34 145
34 146
34 148
34 64
34 180
34 220
34 65
34 181
34 66
34 222
34 69
34 154
34 155
34 156
34 157
34 71
34 158
34 201
34 73
34 74
34 76
34 77
34 81
34 82
34 162
34 85
34 163
34 86
34 87
34 88
34 164
34 194
34 227
34 90
34 166
34 228
34 94
34 202
34 169
34 95
34 172
34 96
2 175
113 175
36 175
128 175
40 175
42 175
61 175
67 175
68 175
70 175
78 175
79 175
82 175
85 175
93 175
96 175
3 124
124 203
98 124
99 124
124 204
111 124
115 124
122 124
124 176
35 124
40 124
41 124
42 124
44 124
47 124
51 124
53 124
55 124
124 200
124 138
124 139
124 141
57 124
59 124
60 124
124 178
124 213
124 144
124 216
124 146
124 147
124 150
68 124
124 157
124 158
72 124
73 124
124 159
78 124
79 124
82 124
84 124
85 124
86 124
87 124
89 124
124 165
124 166
94 124
124 230
124 171
95 124
125 203
11 125
125 185
107 125
110 125
115 125
27 125
120 125
123 125
125 176
125 126
35 125
125 127
37 125
40 125
41 125
44 125
46 125
47 125
48 125
49 125
51 125
125 177
125 141
125 188
59 125
62 125
63 125
64 125
125 180
125 149
65 125
66 125
68 125
125 192
125 193
125 157
125 158
72 125
74 125
125 159
77 125
78 125
125 160
83 125
85 125
125 163
88 125
94 125
95 125
2 176
3 176
103 176
19 176
111 176
28 176
31 176
176 198
175 176
126 176
176 187
37 176
39 176
41 176
42 176
44 176
45 176
46 176
48 176
49 176
52 176
55 176
56 176
176 238
176 188
59 176
61 176
145 176
149 176
66 176
67 176
70 176
155 176
176 183
71 176
73 176
74 176
75 176
159 176
79 176
161 176
82 176
84 176
163 176
87 176
93 176
166 176
94 176
169 176
1 126
98 126
105 126
126 195
126 186
19 126
111 126
126 207
122 126
126 197
33 126
126 187
126 234
37 126
38 126
39 126
40 126
41 126
46 126
47 126
48 126
49 126
51 126
126 133
126 134
54 126
55 126
56 126
126 139
126 140
126 141
57 126
60 126
126 178
126 215
126 146
126 147
64 126
126 149
68 126
69 126
70 126
71 126
72 126
126 201
73 126
74 126
77 126
126 160
79 126
82 126
85 126
87 126
126 165
126 166
126 168
95 126
126 172
187 203
102 187
9 187
105 187
14 187
108 187
186 187
119 187
187 232
31 187
35 187
127 187
128 187
38 187
39 187
41 187
42 187
46 187
47 187
131 187
136 187
55 187
57 187
59 187
62 187
63 187
149 187
151 187
67 187
68 187
153 187
155 187
187 193
71 187
187 201
74 187
75 187
159 187
77 187
78 187
160 187
82 187
83 187
85 187
86 187
87 187
89 187
187 194
94 187
168 187
169 187
95 187
1 127
103 127
19 127
115 127
116 127
119 127
33 127
35 127
127 234
38 127
39 127
44 127
45 127
49 127
51 127
55 127
127 139
59 127
60 127
61 127
127 145
127 149
127 181
67 127
68 127
127 192
74 127
127 159
82 127
85 127
88 127
92 127
93 127
127 239
94 127
127 171
95 127
127 172
96 127
2 37
3 37
37 98
37 105
37 195
16 37
37 186
37 112
37 115
37 116
28 37
37 209
37 197
33 37
37 128
37 38
37 44
37 130
37 47
37 49
37 134
37 136
37 200
37 138
37 56
37 140
37 188
37 143
37 144
37 61
37 63
37 145
37 146
37 150
37 181
37 68
37 154
37 155
37 156
37 157
37 71
37 73
37 74
37 76
37 77
37 160
37 79
37 161
37 82
37 162
37 85
37 226
37 86
37 87
37 88
37 89
37 164
37 227
37 93
37 166
37 169
37 172
2 128
1 128
103 128
16 128
111 128
116 128
119 128
126 128
38 128
42 128
47 128
128 132
51 128
128 136
128 141
58 128
128 143
128 178
128 144
62 128
128 147
64 128
128 149
128 151
67 128
128 153
69 128
70 128
128 156
73 128
74 128
75 128
76 128
78 128
79 128
83 128
85 128
88 128
91 128
128 166
94 128
128 202
128 172
96 128
2 73
3 73
73 203
73 98
73 103
73 104
12 73
16 73
73 186
73 111
73 205
73 206
73 119
73 122
73 197
73 211
73 175
73 212
35 73
38 73
73 129
40 73
41 73
44 73
45 73
47 73
48 73
73 131
73 132
51 73
52 73
73 135
54 73
73 137
73 200
73 138
73 139
73 142
58 73
59 73
60 73
73 143
73 216
73 145
73 218
64 73
73 149
65 73
73 150
73 181
73 151
73 154
73 182
73 155
73 183
73 157
73 158
73 201
73 74
73 75
73 159
73 78
73 224
73 81
73 82
73 84
73 85
73 163
73 226
73 89
73 194
73 90
73 91
73 94
73 169
73 172
2 38
3 38
38 203
38 103
12 38
38 105
14 38
38 185
16 38
38 111
38 112
38 205
38 122
38 208
28 38
38 240
38 197
38 199
38 211
38 212
38 234
38 39
38 40
38 41
38 42
38 44
38 45
38 50
38 51
38 53
38 135
38 55
38 200
38 139
38 140
38 141
38 57
38 142
38 188
38 143
38 213
38 61
38 215
38 146
38 147
38 217
38 219
38 190
38 149
38 150
38 151
38 68
38 152
38 223
38 153
38 235
38 69
38 70
38 155
38 192
38 157
38 72
38 201
38 74
38 75
38 159
38 76
38 78
38 160
38 79
38 81
38 162
38 225
38 86
38 88
38 89
38 164
38 194
38 227
38 90
38 91
38 93
38 166
38 94
38 202
38 169
38 172
2 39
39 195
39 115
39 116
39 173
39 40
39 46
39 47
39 48
39 49
39 50
39 51
39 53
39 54
39 136
39 55
39 200
39 56
39 238
39 139
39 141
39 57
39 60
39 189
39 179
39 64
39 149
39 151
39 67
39 152
39 153
39 70
39 71
39 158
39 76
39 78
39 79
39 161
39 82
39 83
39 84
39 162
39 85
39 86
39 87
39 89
39 164
39 165
39 90
39 94
39 171
2 40
3 40
40 98
40 103
40 104
12 40
14 40
40 204
40 115
40 116
40 209
40 197
33 40
40 234
40 41
40 42
40 44
40 130
40 46
40 47
40 48
40 50
40 131
40 132
40 51
40 133
40 52
40 134
40 54
40 55
40 140
40 141
40 57
40 58
40 188
40 59
40 60
40 178
40 214
40 63
40 64
40 180
40 190
40 220
40 149
40 150
40 66
40 67
40 153
40 69
40 182
40 183
40 193
40 156
40 158
40 72
40 74
40 159
40 76
40 77
40 160
40 79
40 81
40 82
40 84
40 162
40 226
40 227
40 90
40 93
40 229
40 94
40 168
40 169
40 170
40 171
40 95
40 172
40 96
2 41
12 41
41 195
41 111
41 115
41 116
41 119
41 208
28 41
35 41
41 234
41 42
41 44
41 130
41 47
41 49
41 131
41 52
41 134
41 135
41 136
41 137
41 138
41 140
41 57
41 142
41 58
41 59
41 214
41 215
41 216
41 63
41 145
41 148
41 179
41 64
41 150
41 67
41 69
41 154
41 192
41 158
41 72
41 159
41 76
41 78
41 160
41 79
41 81
41 161
41 82
41 83
41 163
41 87
41 93
41 166
41 94
41 95
2 42
42 231
42 186
42 111
42 237
42 115
42 116
42 119
42 121
42 122
42 199
33 42
42 211
42 130
42 46
42 131
42 132
42 52
42 134
42 135
42 54
42 136
42 55
42 200
42 140
42 57
42 142
42 58
42 188
42 59
42 178
42 61
42 145
42 146
42 147
42 148
42 64
42 190
42 221
42 149
42 151
42 67
42 154
42 182
42 155
42 192
42 193
42 71
42 158
42 74
42 159
42 79
42 81
42 161
42 82
42 83
42 84
42 162
42 85
42 88
42 164
42 194
42 227
42 90
42 91
42 93
42 229
42 94
42 169
42 170
42 95
42 96
2 44
16 44
44 108
44 186
44 111
44 46
44 134
44 135
44 54
44 55
44 56
44 57
44 188
44 63
44 145
44 180
44 149
44 151
44 66
44 68
44 69
44 70
44 192
44 74
44 75
44 76
44 78
44 81
44 85
44 86
44 89
44 90
44 94
44 168
44 169
2 45
45 231
45 203
45 98
14 45
45 195
16 45
45 111
45 116
45 119
45 122
45 199
45 212
45 130
45 46
45 49
45 132
45 51
45 134
45 53
45 54
45 136
45 137
45 55
45 200
45 140
45 141
45 57
45 58
45 188
45 214
45 61
45 63
45 217
45 64
45 190
45 149
45 181
45 66
45 68
45 152
45 223
45 153
45 154
45 155
45 192
45 183
45 71
45 72
45 201
45 74
45 76
45 77
45 81
45 82
45 162
45 85
45 225
45 86
45 87
45 89
45 164
45 194
45 165
45 90
45 93
45 94
45 202
45 169
45 170
45 171
45 95
45 172
45 96
3 130
100 130
101 130
102 130
103 130
130 204
130 185
16 130
115 130
118 130
130 173
119 130
130 208
130 209
130 210
33 130
130 187
130 233
127 130
46 130
49 130
50 130
130 131
51 130
130 133
52 130
53 130
130 135
54 130
130 136
55 130
130 140
57 130
130 142
130 178
61 130
130 145
130 147
64 130
130 149
65 130
130 150
130 181
130 151
66 130
69 130
70 130
130 154
130 182
130 157
72 130
74 130
75 130
130 159
76 130
78 130
130 160
82 130
83 130
84 130
85 130
130 225
130 164
130 194
130 227
90 130
94 130
130 168
130 230
130 171
96 130
2 46
3 46
11 46
12 46
46 111
46 208
46 197
46 198
46 199
35 46
46 47
46 48
46 49
46 132
46 52
46 135
46 136
46 55
46 56
46 141
46 142
46 58
46 178
46 145
46 64
46 65
46 181
46 66
46 67
46 69
46 70
46 71
46 158
46 201
46 76
46 77
46 78
46 160
46 83
46 84
46 87
46 89
46 164
46 165
46 93
46 169
46 171
46 95
46 172
2 47
3 47
16 47
47 112
47 116
47 122
47 197
47 129
47 48
47 50
47 53
47 136
47 238
47 60
47 178
47 214
47 63
47 146
47 147
47 64
47 149
47 66
47 69
47 70
47 157
47 158
47 72
47 201
47 160
47 79
47 224
47 161
47 82
47 83
47 85
47 87
47 88
47 165
47 166
47 228
47 168
47 171
2 131
102 131
108 131
28 131
48 131
50 131
57 131
58 131
59 131
131 144
63 131
64 131
65 131
131 151
66 131
67 131
69 131
70 131
76 131
78 131
80 131
83 131
131 162
87 131
89 131
90 131
93 131
2 50
3 50
50 98
16 50
50 107
50 111
50 112
50 114
50 116
50 117
50 119
28 50
50 197
50 128
44 50
49 50
50 132
50 52
50 135
50 54
50 136
50 137
50 138
50 56
50 139
50 140
50 141
50 142
50 58
50 59
50 178
50 61
50 63
50 147
50 64
50 149
50 65
50 181
50 151
50 66
50 68
50 70
50 154
50 75
50 159
50 76
50 77
50 78
50 79
50 84
50 162
50 89
50 165
50 90
50 94
50 168
50 171
50 95
50 172
51 98
51 195
16 51
51 186
51 111
51 112
51 205
51 206
51 121
51 208
28 51
51 199
51 175
35 51
51 129
51 132
51 134
51 53
51 135
51 136
51 137
51 138
51 56
51 139
51 57
51 142
51 188
51 59
51 143
51 144
51 61
51 62
51 215
51 63
51 145
51 64
51 219
51 220
51 181
51 151
51 222
51 70
51 155
51 191
51 183
51 193
51 156
51 71
51 158
51 72
51 201
51 74
51 75
51 76
51 77
51 79
51 81
51 161
51 83
51 85
51 163
51 225
51 226
51 88
51 164
51 90
51 91
51 166
51 168
51 169
51 170
51 171
51 95
52 99
52 102
52 103
52 185
52 107
19 52
52 115
52 117
52 120
33 52
35 52
48 52
52 134
52 135
52 54
52 136
52 138
52 142
52 178
52 144
52 216
52 146
52 64
52 220
52 150
52 151
52 66
52 67
52 68
52 154
52 74
52 83
52 84
52 88
52 91
52 169
52 96
98 133
115 133
133 197
55 133
133 200
133 139
133 140
57 133
133 178
133 156
74 133
133 159
78 133
79 133
85 133
87 133
92 133
133 166
94 133
96 133
3 135
99 135
102 135
12 135
106 135
107 135
110 135
111 135
114 135
118 135
120 135
122 135
124 135
135 175
135 176
126 135
48 135
134 135
53 135
54 135
135 177
135 137
55 135
56 135
135 140
57 135
135 142
135 178
135 144
135 189
135 146
135 181
68 135
135 153
69 135
71 135
135 158
75 135
135 159
76 135
135 160
80 135
82 135
83 135
85 135
135 163
87 135
88 135
89 135
135 165
91 135
93 135
135 166
94 135
135 167
135 168
135 171
135 172
2 54
54 103
12 54
54 105
54 185
54 186
54 237
54 116
54 122
54 208
28 54
54 123
54 211
54 175
48 54
54 136
54 137
54 138
54 140
54 188
54 178
54 144
54 61
54 62
54 147
54 179
54 190
54 65
54 181
54 151
54 66
54 67
54 152
54 69
54 70
54 154
54 155
54 71
54 158
54 72
54 201
54 159
54 76
54 78
54 160
54 81
54 82
54 165
54 91
54 93
54 168
54 169
54 171
54 172
54 96
1 136
16 136
136 186
33 136
136 175
44 136
48 136
133 136
134 136
53 136
136 138
136 139
136 141
60 136
136 178
136 213
61 136
136 216
63 136
136 146
136 148
136 217
64 136
136 221
136 150
136 151
67 136
68 136
136 154
136 201
136 159
136 160
79 136
82 136
83 136
85 136
86 136
87 136
88 136
93 136
136 166
94 136
136 168
136 171
136 172
2 137
3 137
4 137
99 137
5 137
103 137
106 137
137 185
137 186
114 137
115 137
116 137
119 137
137 197
31 137
33 137
44 137
49 137
132 137
53 137
55 137
137 200
137 138
137 143
137 144
61 137
62 137
137 189
63 137
137 146
137 147
137 217
64 137
137 151
67 137
137 152
69 137
137 155
137 158
72 137
137 201
74 137
83 137
85 137
137 225
87 137
137 194
90 137
93 137
137 166
94 137
137 169
2 55
3 55
55 98
55 103
12 55
55 204
55 195
16 55
55 112
55 205
55 237
55 115
55 116
55 207
55 121
55 122
55 209
55 197
33 55
55 211
55 129
55 132
55 134
55 200
55 56
55 139
55 57
55 143
55 178
55 213
55 144
55 61
55 216
55 63
55 147
55 64
55 180
55 190
55 220
55 149
55 150
55 181
55 151
55 66
55 67
55 153
55 70
55 154
55 192
55 183
55 158
55 74
55 76
55 160
55 81
55 82
55 162
55 226
55 164
55 90
55 91
55 94
55 168
55 202
55 230
55 171
100 200
16 200
44 200
149 200
68 200
70 200
74 200
159 200
78 200
161 200
82 200
83 200
87 200
93 200
2 138
115 138
119 138
122 138
56 138
138 141
138 146
138 147
138 149
138 152
70 138
138 154
138 201
138 160
85 138
88 138
94 138
96 138
2 56
56 98
56 104
56 106
56 195
56 108
56 111
56 173
56 122
31 56
35 56
56 133
56 134
53 56
56 140
56 143
56 178
56 61
56 145
56 149
56 65
56 150
56 151
56 67
56 68
56 153
56 69
56 70
56 155
56 71
56 72
56 201
56 74
56 75
56 78
56 161
56 83
56 84
56 162
56 85
56 163
56 87
56 88
56 164
56 165
56 93
56 228
56 94
56 96
2 139
99 139
139 195
115 139
116 139
121 139
139 197
46 139
48 139
134 139
139 142
59 139
61 139
139 147
139 149
65 139
67 139
68 139
70 139
139 158
78 139
79 139
82 139
83 139
85 139
88 139
2 237
4 237
6 237
7 237
8 237
13 237
195 237
15 237
17 237
108 237
18 237
110 237
19 237
111 237
20 237
23 237
173 237
119 237
122 237
123 237
37 237
38 237
39 237
41 237
47 237
177 237
140 237
141 237
59 237
143 237
178 237
61 237
63 237
146 237
181 237
66 237
68 237
70 237
157 237
71 237
158 237
73 237
74 237
159 237
78 237
79 237
81 237
82 237
85 237
88 237
227 237
91 237
166 237
94 237
169 237
95 237
96 237
99 140
103 140
11 140
106 140
16 140
110 140
19 140
111 140
112 140
115 140
140 173
27 140
33 140
140 176
140 187
127 140
129 140
44 140
48 140
49 140
132 140
140 142
58 140
59 140
60 140
140 178
140 215
63 140
140 146
140 147
140 150
140 222
67 140
68 140
70 140
140 154
140 158
72 140
140 201
74 140
79 140
140 161
140 163
89 140
140 165
140 166
94 140
140 168
140 169
140 230
95 140
2 141
3 141
105 141
141 204
141 186
111 141
112 141
141 205
141 206
114 141
116 141
119 141
121 141
122 141
28 141
141 212
35 141
141 234
48 141
49 141
134 141
53 141
139 141
58 141
61 141
62 141
141 215
141 145
141 146
141 147
141 217
64 141
141 219
141 190
141 221
65 141
141 150
141 181
141 222
68 141
141 153
69 141
141 154
141 192
141 156
71 141
141 158
72 141
74 141
75 141
141 159
78 141
141 160
79 141
141 161
82 141
141 162
85 141
87 141
89 141
141 194
141 227
141 165
94 141
95 141
2 142
3 142
18 142
111 142
48 142
142 144
61 142
142 189
63 142
64 142
142 149
68 142
69 142
142 159
79 142
82 142
85 142
89 142
90 142
142 202
2 188
6 188
185 188
15 188
119 188
127 188
49 188
57 188
178 188
61 188
62 188
145 188
65 188
151 188
78 188
86 188
90 188
94 188
2 59
59 98
59 100
59 106
59 112
59 122
59 197
33 59
49 59
53 59
57 59
59 60
59 143
59 178
59 144
59 62
59 63
59 150
59 66
59 67
59 68
59 153
59 70
59 71
59 158
59 201
59 75
59 78
59 81
59 82
59 83
59 84
59 162
59 163
59 165
59 93
59 166
59 228
59 239
59 94
59 202
59 169
59 171
59 172
59 96
2 60
60 97
60 203
5 60
60 100
60 236
60 109
60 186
19 60
60 111
60 112
60 115
60 173
27 60
60 174
60 123
60 175
60 176
60 129
44 60
60 177
60 200
60 139
60 143
60 178
60 61
60 145
60 147
60 148
60 64
60 149
60 65
60 66
60 68
60 223
60 153
60 70
60 71
60 72
60 201
60 159
60 77
60 81
60 162
60 85
60 163
60 86
60 87
60 88
60 194
60 165
60 90
60 166
60 202
60 169
60 171
1 178
98 178
5 178
100 178
103 178
108 178
178 186
111 178
115 178
116 178
178 207
173 178
27 178
122 178
28 178
178 209
178 197
33 178
35 178
53 178
139 178
143 178
146 178
64 178
70 178
154 178
178 193
156 178
157 178
71 178
72 178
75 178
78 178
160 178
82 178
83 178
84 178
89 178
165 178
166 178
94 178
103 144
109 144
122 144
28 144
143 144
61 144
144 149
66 144
67 144
144 153
74 144
75 144
144 159
76 144
83 144
87 144
89 144
90 144
93 144
144 168
2 61
61 231
12 61
14 61
61 204
61 186
61 111
61 115
61 116
61 119
61 208
61 209
61 199
48 61
61 132
61 134
57 61
61 143
61 62
61 145
61 147
61 148
61 179
61 64
61 190
61 149
61 65
61 181
61 66
61 222
61 67
61 68
61 70
61 154
61 182
61 193
61 156
61 157
61 71
61 158
61 201
61 74
61 75
61 159
61 77
61 160
61 79
61 81
61 161
61 83
61 84
61 162
61 87
61 89
61 227
61 165
61 93
61 166
61 94
61 168
61 96
1 215
97 215
99 215
185 215
111 215
121 215
176 215
36 215
128 215
39 215
43 215
47 215
49 215
52 215
138 215
62 215
215 216
190 215
149 215
65 215
66 215
153 215
69 215
70 215
74 215
76 215
78 215
79 215
80 215
82 215
87 215
89 215
92 215
215 239
94 215
215 241
168 215
95 215
172 215
2 63
3 63
63 103
12 63
63 204
16 63
19 63
63 111
63 115
49 63
63 138
57 63
58 63
63 143
63 213
62 63
63 145
63 147
63 217
63 218
63 64
63 180
63 190
63 220
63 221
63 150
63 222
63 67
63 68
63 223
63 69
63 154
63 155
63 193
63 158
63 74
63 75
63 159
63 76
63 79
63 81
63 161
63 84
63 85
63 87
63 164
63 194
63 230
63 170
63 95
63 96
2 145
103 145
105 145
145 185
112 145
119 145
145 210
35 145
48 145
57 145
145 215
64 145
145 219
145 149
65 145
145 181
145 151
67 145
69 145
70 145
74 145
76 145
79 145
145 161
82 145
83 145
84 145
145 162
88 145
90 145
93 145
145 168
3 146
101 146
107 146
111 146
112 146
21 146
27 146
122 146
128 146
48 146
49 146
133 146
146 177
60 146
146 147
64 146
65 146
146 151
66 146
67 146
146 235
69 146
70 146
71 146
74 146
78 146
83 146
87 146
88 146
89 146
146 194
146 168
2 147
147 203
98 147
103 147
104 147
147 236
14 147
16 147
110 147
111 147
112 147
147 205
147 206
115 147
116 147
147 207
121 147
122 147
147 209
147 175
125 147
147 187
49 147
132 147
134 147
57 147
142 147
147 188
147 213
144 147
147 216
147 219
147 220
65 147
147 181
66 147
147 222
67 147
68 147
147 152
147 223
70 147
147 154
147 182
147 183
147 193
147 157
71 147
74 147
147 159
77 147
78 147
147 160
79 147
147 161
82 147
83 147
147 226
86 147
87 147
88 147
89 147
147 227
147 165
147 166
94 147
147 168
147 169
147 230
147 170
95 147
147 172
96 147
2 57
3 57
57 98
57 104
12 57
14 57
57 195
16 57
57 111
57 112
57 205
57 115
57 116
57 207
57 119
57 122
57 208
28 57
57 209
57 197
57 211
49 57
57 132
57 134
53 57
57 213
57 62
57 217
57 218
57 180
57 190
57 220
57 151
57 222
57 68
57 192
57 71
57 201
57 74
57 75
57 159
57 77
57 79
57 81
57 82
57 162
57 85
57 163
57 86
57 89
57 194
57 227
57 165
57 90
57 93
57 94
57 202
57 169
57 230
57 170
57 171
57 172
3 143
98 143
100 143
109 143
19 143
112 143
115 143
116 143
143 173
143 208
31 143
129 143
134 143
66 143
68 143
69 143
143 154
71 143
143 158
72 143
74 143
75 143
77 143
143 160
79 143
143 162
85 143
143 163
143 226
143 164
90 143
93 143
143 166
94 143
143 168
143 202
96 143
2 64
3 64
64 98
64 103
64 104
64 204
64 185
64 186
64 119
64 208
64 197
33 64
64 234
49 64
64 132
58 64
64 216
64 179
64 219
64 65
64 181
64 152
64 223
64 69
64 154
64 157
64 158
64 72
64 74
64 75
64 159
64 76
64 160
64 161
64 82
64 162
64 85
64 163
64 225
64 226
64 87
64 89
64 164
64 91
64 93
64 166
64 94
64 202
64 171
64 172
2 65
65 98
12 65
49 65
65 66
65 67
65 68
65 153
65 72
65 74
65 75
65 78
65 81
65 82
65 85
65 86
65 87
65 88
65 165
65 169
65 96
181 186
111 181
119 181
181 199
48 181
134 181
62 181
149 181
69 181
70 181
71 181
75 181
159 181
76 181
78 181
79 181
161 181
83 181
162 181
85 181
86 181
89 181
93 181
169 181
3 150
150 203
98 150
9 150
14 150
150 204
16 150
111 150
116 150
150 211
150 187
35 150
127 150
39 150
48 150
49 150
50 150
134 150
138 150
150 218
150 219
150 190
66 150
67 150
150 155
150 191
150 157
71 150
150 201
75 150
150 159
77 150
81 150
82 150
150 162
85 150
150 225
150 226
86 150
87 150
89 150
90 150
150 166
94 150
150 170
95 150
3 151
1 151
98 151
5 151
103 151
104 151
151 185
111 151
112 151
151 205
114 151
121 151
28 151
31 151
151 198
151 211
35 151
47 151
48 151
49 151
134 151
139 151
58 151
62 151
151 180
149 151
67 151
68 151
71 151
151 201
74 151
76 151
151 161
84 151
86 151
89 151
151 165
90 151
151 166
94 151
151 170
96 151
2 66
3 66
66 231
66 103
12 66
14 66
66 205
66 115
66 207
66 119
28 66
66 197
33 66
66 211
66 187
35 66
66 129
48 66
53 66
66 138
62 66
66 220
66 221
66 149
66 67
66 223
66 70
66 157
66 71
66 72
66 201
66 74
66 160
66 79
66 161
66 82
66 88
66 89
66 227
66 165
66 90
66 93
66 166
66 94
66 202
66 169
2 67
67 98
67 100
67 103
12 67
14 67
16 67
19 67
67 112
67 119
67 122
28 67
67 209
67 197
35 67
67 234
67 129
49 67
67 134
67 138
58 67
62 67
67 217
67 153
67 69
67 182
67 157
67 201
67 74
67 75
67 159
67 79
67 81
67 82
67 162
67 85
67 86
67 87
67 88
67 91
67 202
2 49
3 49
49 203
14 49
49 185
49 186
49 111
49 112
49 205
49 115
49 116
49 122
49 208
28 49
49 210
49 197
49 199
33 49
49 211
49 175
49 134
49 58
49 213
49 216
49 218
49 180
49 221
49 149
49 222
49 68
49 154
49 155
49 192
49 183
49 193
49 158
49 72
49 75
49 76
49 77
49 78
49 160
49 82
49 162
49 163
49 225
49 226
49 88
49 89
49 164
49 227
49 165
49 91
49 94
49 168
49 202
49 169
49 230
49 170
49 171
49 172
49 96
58 111
58 115
27 58
28 58
58 209
58 210
33 58
44 58
47 58
58 200
58 139
58 59
58 149
58 68
58 153
58 69
58 157
58 74
58 75
58 159
58 76
58 79
58 80
58 161
58 83
58 162
58 85
58 88
58 227
58 167
58 202
58 172
2 68
3 68
68 98
14 68
68 204
68 185
16 68
68 186
68 111
68 112
68 206
68 116
68 119
68 121
68 122
68 208
33 68
35 68
48 68
68 132
62 68
68 179
68 180
68 220
68 221
68 149
68 152
68 235
68 69
68 182
68 192
68 183
68 193
68 156
68 71
68 158
68 74
68 75
68 77
68 160
68 79
68 162
68 163
68 86
68 87
68 89
68 164
68 194
68 90
68 93
68 94
68 169
68 230
68 170
68 172
68 96
2 153
3 153
153 195
16 153
108 153
122 153
28 153
129 153
52 153
138 153
146 153
149 153
70 153
71 153
76 153
77 153
78 153
153 160
79 153
153 161
82 153
83 153
84 153
153 162
85 153
87 153
88 153
90 153
93 153
94 153
153 168
153 169
153 171
96 153
2 69
3 69
12 69
69 105
69 185
69 195
69 108
19 69
69 112
69 114
69 119
69 122
33 69
69 211
35 69
69 129
69 133
69 138
69 242
69 220
69 149
69 193
69 158
69 201
69 74
69 75
69 159
69 76
69 224
69 81
69 161
69 82
69 162
69 85
69 163
69 87
69 164
69 194
69 165
69 90
69 93
69 239
69 168
69 202
69 96
2 70
70 98
70 103
12 70
70 185
70 195
16 70
19 70
70 116
70 119
70 122
70 208
70 212
35 70
53 70
70 213
70 192
70 71
70 158
70 75
70 77
70 79
70 161
70 82
70 162
70 86
70 194
70 165
70 166
70 168
70 202
70 169
70 171
106 155
15 155
17 155
155 186
111 155
115 155
119 155
120 155
155 197
126 155
35 155
36 155
128 155
39 155
41 155
46 155
47 155
48 155
132 155
62 155
155 215
155 216
155 190
149 155
65 155
151 155
155 193
155 158
74 155
79 155
82 155
86 155
155 194
93 155
94 155
105 192
192 236
14 192
109 192
111 192
27 192
120 192
123 192
35 192
36 192
39 192
46 192
47 192
138 192
147 192
192 221
65 192
66 192
67 192
192 223
154 192
192 193
156 192
71 192
74 192
78 192
160 192
81 192
86 192
89 192
192 194
90 192
93 192
169 192
95 192
96 192
1 193
185 193
109 193
114 193
27 193
193 198
127 193
128 193
39 193
50 193
136 193
137 193
62 193
189 193
193 216
65 193
159 193
78 193
81 193
83 193
85 193
86 193
193 194
166 193
94 193
169 193
2 157
100 157
117 157
118 157
157 219
78 157
82 157
157 163
94 157
2 71
12 71
71 105
71 195
16 71
71 111
71 112
71 116
71 122
31 71
71 199
44 71
71 132
71 238
58 71
71 145
71 148
71 179
71 158
71 74
71 159
71 77
71 78
71 79
71 161
71 82
71 83
71 162
71 163
71 89
71 165
71 90
71 94
71 168
71 171
71 172
3 158
1 158
158 195
111 158
115 158
116 158
119 158
121 158
158 197
132 158
149 158
152 158
74 158
78 158
158 160
79 158
82 158
84 158
87 158
158 228
158 169
95 158
96 158
2 74
3 74
74 203
74 103
74 104
12 74
74 204
74 195
16 74
74 186
74 115
74 116
74 121
28 74
74 197
74 211
74 212
35 74
74 233
74 129
48 74
74 213
74 216
74 217
74 218
74 180
74 190
74 221
74 149
74 154
74 75
74 76
74 78
74 160
74 82
74 83
74 84
74 85
74 163
74 226
74 87
74 89
74 227
74 91
74 166
74 94
74 202
74 169
74 230
74 170
74 95
74 172
2 95
95 98
95 103
95 104
95 236
95 185
16 95
95 107
18 95
95 205
95 114
95 116
95 207
95 129
48 95
95 178
62 95
95 145
95 220
95 221
95 149
65 95
95 181
66 95
95 155
95 156
95 157
71 95
75 95
76 95
77 95
78 95
95 160
81 95
83 95
95 163
87 95
89 95
95 194
95 166
94 95
95 169
95 172
95 96
72 100
72 101
72 111
72 117
72 122
72 187
44 72
48 72
72 200
67 72
72 160
72 79
72 87
72 172
134 201
152 201
83 201
93 201
94 201
2 75
3 75
75 99
75 104
12 75
75 105
75 106
14 75
75 195
75 109
75 111
75 207
75 173
75 210
75 124
33 75
75 211
75 125
75 212
75 126
35 75
75 127
75 129
43 75
53 75
75 136
75 200
75 138
75 139
75 140
60 75
62 75
75 145
75 146
75 147
75 190
75 220
75 149
75 155
75 191
75 158
75 201
75 159
75 76
75 78
75 79
75 81
75 83
75 84
75 85
75 163
75 225
75 226
75 86
75 89
75 164
75 194
75 165
75 90
75 93
75 166
75 202
75 169
75 230
76 100
76 105
76 107
19 76
76 118
76 122
28 76
76 197
76 124
76 175
76 234
76 127
76 129
48 76
76 132
76 134
76 139
76 188
60 76
76 146
76 148
76 190
76 149
76 152
76 193
76 157
76 158
72 76
76 78
76 160
76 79
76 80
76 82
76 83
76 84
76 85
76 163
76 86
76 88
76 165
76 91
76 93
76 166
76 94
76 168
76 202
76 230
76 170
76 172
2 78
3 78
78 103
16 78
78 112
78 206
78 115
78 116
78 207
78 122
78 208
28 78
78 209
33 78
78 211
78 212
35 78
78 233
78 129
78 132
53 78
78 142
78 216
78 180
78 219
78 190
78 220
78 221
78 149
78 222
78 154
78 182
78 183
78 159
78 79
78 80
78 161
78 84
78 163
78 225
78 88
78 89
78 164
78 165
78 228
78 94
78 171
78 172
78 96
2 79
79 103
14 79
79 112
79 116
79 119
79 121
79 122
79 208
79 209
79 199
79 211
79 134
53 79
62 79
79 148
79 220
79 221
79 149
79 222
79 235
79 156
77 79
79 160
79 81
79 82
79 83
79 84
79 85
79 163
79 88
79 89
79 93
79 166
79 94
79 168
79 230
79 172
79 96
3 111
1 111
111 203
98 111
9 111
103 111
104 111
12 111
105 111
111 195
16 111
111 186
111 115
111 116
111 119
33 111
111 212
48 111
111 132
111 134
53 111
111 189
111 216
111 217
111 218
111 179
111 180
111 221
111 149
111 154
111 201
111 159
82 111
83 111
111 163
86 111
87 111
88 111
89 111
111 165
94 111
111 202
111 169
111 172
96 111
81 98
81 185
81 114
48 81
81 134
62 81
81 146
70 81
81 155
81 82
81 83
81 87
81 89
81 94
81 168
3 161
161 204
112 161
115 161
122 161
161 197
149 161
65 161
154 161
161 201
85 161
161 163
86 161
161 165
90 161
93 161
161 172
2 82
3 82
82 98
14 82
82 195
16 82
82 186
82 114
82 208
28 82
82 197
33 82
82 211
35 82
82 129
48 82
82 188
82 213
82 214
62 82
82 216
82 190
82 222
82 182
82 183
77 82
82 83
82 84
82 162
82 85
82 226
82 86
82 87
82 88
82 89
82 194
82 165
82 90
82 91
82 93
82 94
82 168
82 202
82 169
2 83
3 83
83 231
14 83
83 204
83 185
83 112
83 205
83 209
33 83
35 83
83 234
53 83
83 190
83 149
83 154
83 159
83 160
83 224
83 85
83 163
83 225
83 226
83 86
83 87
83 88
83 194
83 227
83 93
83 94
83 168
83 202
83 169
83 230
83 170
83 172
115 162
162 197
162 164
93 162
94 162
162 202
2 85
85 98
85 103
85 104
14 85
85 204
85 185
16 85
85 186
85 205
85 206
85 115
85 116
85 119
85 208
85 209
33 85
85 212
85 213
62 85
85 216
85 217
85 180
85 219
85 190
85 220
85 152
85 223
85 154
85 182
77 85
84 85
85 225
85 226
85 87
85 88
85 164
85 194
85 90
85 91
85 93
85 94
85 168
85 230
85 170
85 171
85 172
85 96
91 203
91 98
91 195
91 109
91 112
91 115
91 122
28 91
91 209
91 196
91 176
91 127
44 91
48 91
91 132
91 134
53 91
91 138
56 91
91 139
91 188
91 189
91 145
91 147
65 91
91 151
91 155
91 156
91 160
79 91
88 91
91 166
91 229
91 167
91 168
91 96
2 163
163 203
99 163
163 185
163 195
115 163
116 163
22 163
24 163
119 163
121 163
163 209
163 197
33 163
129 163
48 163
134 163
163 215
163 218
163 219
163 221
152 163
163 193
163 201
84 163
86 163
87 163
163 194
163 165
93 163
163 168
163 171
96 163
2 86
86 203
86 98
5 86
86 103
86 108
86 186
86 119
31 86
86 128
86 132
52 86
86 134
86 177
86 138
86 143
86 178
86 144
62 86
86 159
86 88
86 89
86 228
86 94
86 172
203 226
211 226
217 226
66 226
89 226
90 226
93 226
170 226
96 226
3 88
88 98
88 103
12 88
16 88
88 110
88 114
88 119
88 208
28 88
88 197
31 88
33 88
88 176
88 129
88 134
53 88
62 88
88 181
88 152
88 183
88 193
88 157
72 88
88 161
88 162
87 88
88 164
88 93
88 166
88 94
88 168
88 202
88 96
2 89
89 98
89 103
89 104
12 89
89 105
89 185
16 89
89 115
89 119
28 89
89 199
35 89
89 127
89 134
53 89
89 219
89 149
89 154
89 157
89 159
77 89
89 164
89 194
89 165
89 90
89 93
89 239
89 94
89 168
89 202
89 169
89 96
2 164
103 164
14 164
164 185
121 164
84 164
87 164
94 164
164 202
96 164
120 194
35 194
156 194
169 194
96 194
2 87
87 99
87 100
12 87
87 105
16 87
87 112
87 122
87 208
87 197
33 87
87 175
87 129
48 87
87 134
53 87
87 142
87 188
87 213
62 87
87 219
87 149
87 223
87 235
87 154
87 159
84 87
87 226
87 194
87 227
87 166
87 168
87 202
87 169
87 96
110 165
165 186
165 173
122 165
165 197
123 165
127 165
53 165
138 165
165 188
165 242
155 165
165 183
158 165
72 165
159 165
77 165
165 225
94 165
2 90
90 231
90 100
90 186
19 90
90 112
90 119
90 121
90 122
90 198
33 90
90 175
90 127
90 129
43 90
47 90
48 90
90 134
53 90
90 136
90 138
90 139
90 213
90 220
90 149
90 181
90 152
90 182
90 158
72 90
90 201
90 194
90 93
90 94
90 202
90 169
90 172
2 93
3 93
14 93
93 204
93 186
93 112
93 116
93 119
93 122
93 208
33 93
93 211
93 234
48 93
93 132
93 134
93 214
93 216
93 217
93 190
93 220
93 221
93 149
93 154
93 182
93 183
77 93
93 160
84 93
93 94
93 170
93 96
2 166
98 166
99 166
104 166
12 166
166 236
166 204
16 166
110 166
166 206
166 208
166 209
166 198
125 166
127 166
129 166
44 166
134 166
53 166
166 188
166 213
62 166
166 189
145 166
146 166
166 219
166 190
65 166
166 222
154 166
155 166
160 166
81 166
163 166
166 194
166 227
96 166
2 168
1 168
103 168
105 168
16 168
115 168
132 168
62 168
168 216
168 219
152 168
154 168
168 182
156 168
168 201
159 168
94 168
168 172
4 216
204 216
206 216
211 216
127 216
40 216
44 216
213 216
216 217
191 216
201 216
159 216
170 216
2 94
94 98
94 104
12 94
14 94
16 94
94 186
94 112
94 206
28 94
94 209
94 197
94 129
48 94
94 132
94 213
94 217
94 149
94 222
94 152
94 154
94 183
77 94
94 224
84 94
94 225
94 227
94 202
94 169
94 172
2 159
3 159
100 159
12 159
105 159
106 159
16 159
159 205
115 159
119 159
121 159
28 159
129 159
48 159
159 213
159 189
145 159
159 221
149 159
152 159
159 191
159 201
159 224
159 161
159 162
159 164
159 202
96 159
2 169
9 169
103 169
12 169
169 195
126 169
48 169
134 169
136 169
62 169
149 169
157 169
169 172
2 230
1 230
97 230
203 230
99 230
13 230
185 230
109 230
113 230
20 230
117 230
24 230
28 230
34 230
37 230
43 230
45 230
51 230
136 230
56 230
139 230
141 230
150 230
151 230
159 230
78 230
87 230
89 230
92 230
98 160
9 160
103 160
12 160
106 160
160 186
116 160
118 160
28 160
31 160
44 160
144 160
62 160
157 160
160 201
81 160
160 225
160 227
160 171
96 160
2 172
98 172
5 172
100 172
9 172
11 172
109 172
113 172
116 172
172 173
123 172
31 172
35 172
44 172
131 172
134 172
53 172
172 213
146 172
172 219
149 172
150 172
172 182
157 172
172 201
163 172
172 225
167 172
171 172
