243
1 3
1 4
1 6
1 7
1 9
1 15
1 16
1 17
1 18
1 19
1 25
1 26
1 29
1 30
1 31
1 33
1 34
2 36
10 36
11 36
17 36
18 36
20 36
36 38
36 39
25 36
27 36
29 36
32 36
33 36
34 36
2 43
2 4
2 5
2 45
2 48
2 49
2 9
2 50
2 52
2 55
2 58
2 60
2 61
2 12
2 13
2 14
2 64
2 65
2 16
2 68
2 21
2 69
2 38
2 72
2 24
2 75
2 76
2 77
2 29
2 83
2 84
2 86
2 89
2 40
2 32
2 34
2 35
2 94
2 41
2 97
2 99
37 99
6 99
7 99
9 99
11 99
12 99
18 99
20 99
21 99
23 99
25 99
26 99
29 99
30 99
34 99
35 99
37 42
4 42
5 42
6 42
10 42
11 42
12 42
13 42
15 42
17 42
21 42
23 42
26 42
42 100
27 42
28 42
29 42
30 42
31 42
32 42
33 42
4 102
7 102
10 102
12 102
38 102
24 102
26 102
28 102
29 102
30 102
31 102
32 102
37 43
4 43
7 43
9 43
10 43
11 43
12 43
14 43
15 43
16 43
17 43
38 43
23 43
24 43
26 43
27 43
30 43
40 43
32 43
34 43
3 44
5 44
44 101
6 44
7 44
8 44
9 44
12 44
13 44
15 44
16 44
18 44
19 44
20 44
21 44
22 44
38 44
26 44
27 44
29 44
31 44
33 44
5 103
5 104
5 37
5 45
5 108
5 110
5 48
5 49
5 114
5 9
5 117
5 118
5 120
5 10
5 52
5 121
5 122
5 123
5 125
5 57
5 127
5 128
5 58
5 59
5 130
5 60
5 133
5 134
5 62
5 137
5 14
5 138
5 66
5 17
5 67
5 68
5 141
5 142
5 144
5 69
5 145
5 146
5 147
5 38
5 149
5 151
5 70
5 71
5 39
5 155
5 156
5 72
5 24
5 74
5 75
5 160
5 25
5 162
5 78
5 79
5 27
5 80
5 163
5 166
5 167
5 30
5 171
5 172
5 86
5 87
5 173
5 89
5 40
5 32
5 175
5 176
5 177
5 34
5 35
5 94
5 95
5 96
5 180
9 183
37 104
37 105
4 37
37 101
6 37
7 37
37 112
37 186
8 37
37 114
9 37
37 50
37 119
37 52
37 121
37 56
37 128
11 37
37 129
37 58
37 130
37 60
37 61
37 133
37 136
12 37
13 37
37 64
15 37
37 65
37 66
17 37
37 67
37 68
21 37
37 141
37 142
37 144
37 148
37 70
37 71
37 153
37 154
37 156
24 37
37 192
37 74
37 158
37 76
37 161
37 79
27 37
37 80
37 81
37 166
37 170
29 37
30 37
37 88
37 40
37 177
34 37
37 178
37 92
37 93
37 95
37 180
37 98
10 106
16 106
22 106
25 106
26 106
28 106
29 106
30 106
32 106
35 106
3 107
3 45
3 108
3 109
3 197
3 47
3 184
3 7
3 49
3 187
3 113
3 8
3 114
3 50
3 120
3 52
3 53
3 203
3 54
3 122
3 204
3 124
3 55
3 205
3 126
3 56
3 206
3 59
3 190
3 130
3 60
3 132
3 61
3 191
3 134
3 136
3 62
3 137
3 12
3 64
3 15
3 65
3 16
3 67
3 139
3 68
3 19
3 20
3 140
3 21
3 141
3 146
3 148
3 150
3 70
3 71
3 39
3 153
3 208
3 155
3 72
3 24
3 192
3 75
3 214
3 25
3 77
3 193
3 161
3 26
3 78
3 100
3 80
3 167
3 168
3 169
3 195
3 170
3 29
3 30
3 171
3 219
3 172
3 87
3 220
3 89
3 31
3 174
3 176
3 33
3 177
3 35
3 178
3 223
3 91
3 95
3 224
3 96
3 41
3 180
3 225
3 182
3 98
4 106
4 107
4 45
4 196
4 101
4 197
4 47
4 110
4 199
4 184
4 48
4 200
4 49
4 186
4 187
4 8
4 201
4 9
4 202
4 115
4 119
4 120
4 10
4 203
4 121
4 204
4 124
4 125
4 56
4 189
4 206
4 129
4 58
4 190
4 60
4 132
4 207
4 61
4 133
4 13
4 14
4 64
4 15
4 66
4 18
4 67
4 139
4 68
4 140
4 21
4 142
4 143
4 69
4 145
4 146
4 147
4 148
4 22
4 38
4 149
4 71
4 153
4 23
4 72
4 209
4 24
4 73
4 210
4 227
4 25
4 193
4 162
4 78
4 79
4 228
4 27
4 80
4 81
4 165
4 167
4 168
4 82
4 170
4 29
4 83
4 219
4 85
4 172
4 86
4 221
4 88
4 31
4 32
4 174
4 175
4 222
4 34
4 35
4 178
4 90
4 93
4 94
4 95
4 180
4 97
4 98
45 101
6 45
7 45
8 45
9 45
10 45
11 45
13 45
14 45
15 45
18 45
19 45
20 45
21 45
22 45
38 45
39 45
23 45
24 45
25 45
45 100
27 45
31 45
40 45
32 45
33 45
34 45
41 45
2 111
6 111
12 111
16 111
17 111
19 111
20 111
21 111
38 111
39 111
23 111
25 111
26 111
100 111
27 111
29 111
40 111
34 111
2 107
7 107
10 107
11 107
12 107
13 107
14 107
15 107
20 107
22 107
24 107
25 107
27 107
32 107
5 196
6 196
7 196
10 196
11 196
13 196
18 196
39 196
24 196
25 196
29 196
30 196
34 196
7 110
9 110
15 110
21 110
22 110
23 110
26 110
30 110
32 110
2 226
3 226
5 226
9 226
11 226
13 226
18 226
21 226
23 226
26 226
27 226
32 226
33 226
2 108
101 108
7 108
9 108
12 108
13 108
14 108
15 108
19 108
22 108
24 108
25 108
26 108
27 108
28 108
29 108
32 108
33 108
34 108
41 108
46 101
6 46
7 46
8 46
9 46
10 46
11 46
12 46
13 46
16 46
17 46
19 46
22 46
38 46
25 46
27 46
28 46
29 46
32 46
33 46
34 46
6 109
7 109
9 109
10 109
12 109
15 109
18 109
19 109
23 109
25 109
26 109
29 109
32 109
33 109
34 109
6 47
7 47
8 47
9 47
12 47
13 47
14 47
22 47
38 47
25 47
47 100
27 47
28 47
30 47
31 47
40 47
32 47
35 47
4 185
7 185
10 185
13 185
21 185
22 185
26 185
28 185
31 185
32 185
34 185
6 48
7 48
9 48
10 48
12 48
13 48
14 48
19 48
21 48
39 48
25 48
48 100
30 48
40 48
32 48
34 48
35 48
41 48
37 200
8 200
9 200
10 200
11 200
15 200
18 200
22 200
23 200
25 200
26 200
28 200
29 200
30 200
2 7
7 199
7 200
7 112
7 49
7 113
7 8
7 114
7 115
7 118
7 51
7 119
7 120
7 10
7 53
7 203
7 121
7 123
7 56
7 189
7 127
7 11
7 206
7 59
7 132
7 207
7 61
7 133
7 134
7 135
7 137
7 13
7 14
7 138
7 66
7 16
7 17
7 18
7 67
7 139
7 68
7 19
7 20
7 140
7 142
7 144
7 69
7 145
7 146
7 147
7 22
7 38
7 152
7 155
7 156
7 24
7 192
7 74
7 159
7 75
7 25
7 193
7 78
7 28
7 169
7 82
7 30
7 83
7 84
7 171
7 85
7 172
7 87
7 221
7 88
7 31
7 176
7 33
7 177
7 34
7 90
7 179
7 95
7 96
7 41
7 225
7 182
7 98
8 186
10 186
15 186
16 186
20 186
21 186
25 186
26 186
27 186
32 186
33 186
2 224
5 224
6 224
8 224
9 224
10 224
12 224
15 224
21 224
22 224
39 224
25 224
26 224
29 224
32 224
33 224
2 112
6 112
12 112
13 112
14 112
18 112
21 112
22 112
23 112
27 112
28 112
29 112
30 112
32 112
33 112
34 112
35 112
49 101
6 49
8 49
9 49
12 49
13 49
14 49
18 49
20 49
22 49
23 49
24 49
28 49
29 49
30 49
32 49
34 49
16 187
18 187
25 187
26 187
27 187
30 187
9 113
15 113
16 113
21 113
25 113
26 113
28 113
29 113
30 113
2 114
6 114
8 114
9 114
10 114
13 114
16 114
20 114
22 114
38 114
23 114
24 114
25 114
29 114
31 114
40 114
33 114
34 114
9 101
9 199
9 201
9 115
9 117
9 119
9 10
9 53
9 203
9 121
9 54
9 122
9 204
9 124
9 55
9 126
9 57
9 189
9 128
9 11
9 206
9 58
9 130
9 60
9 132
9 61
9 134
9 135
9 62
9 137
9 12
9 13
9 14
9 64
9 65
9 138
9 16
9 18
9 68
9 19
9 140
9 144
9 69
9 145
9 148
9 22
9 38
9 151
9 70
9 71
9 39
9 153
9 154
9 208
9 155
9 156
9 23
9 209
9 24
9 231
9 73
9 192
9 210
9 74
9 157
9 159
9 233
9 75
9 234
9 25
9 193
9 26
9 78
9 100
9 27
9 229
9 81
9 165
9 194
9 28
9 170
9 29
9 30
9 83
9 84
9 171
9 85
9 86
9 87
9 221
9 173
9 89
9 40
9 32
9 222
9 33
9 34
9 35
9 178
9 179
9 92
9 93
9 95
9 180
6 62
8 62
10 62
11 62
13 62
16 62
17 62
18 62
19 62
20 62
21 62
22 62
25 62
26 62
29 62
30 62
33 62
41 62
12 50
13 50
14 50
17 50
18 50
20 50
22 50
24 50
28 50
29 50
31 50
32 50
33 50
6 146
8 146
12 146
13 146
15 146
16 146
22 146
29 146
30 146
32 146
33 146
6 51
8 51
12 51
18 51
19 51
20 51
39 51
23 51
25 51
29 51
30 51
31 51
32 51
34 51
41 51
2 119
10 119
12 119
13 119
15 119
16 119
19 119
21 119
39 119
23 119
24 119
25 119
28 119
32 119
33 119
34 119
41 119
6 138
10 138
12 138
14 138
16 138
19 138
20 138
39 138
23 138
25 138
26 138
27 138
29 138
30 138
33 138
2 10
10 105
6 10
10 187
10 116
10 53
10 54
10 204
10 123
10 55
10 127
10 11
10 129
10 58
10 59
10 190
10 132
10 61
10 191
10 133
10 63
10 137
10 14
10 64
10 15
10 66
10 17
10 18
10 67
10 139
10 21
10 143
10 144
10 145
10 147
10 148
10 38
10 152
10 70
10 39
10 153
10 154
10 155
10 156
10 24
10 73
10 183
10 236
10 210
10 211
10 74
10 158
10 212
10 75
10 160
10 25
10 77
10 161
10 162
10 26
10 79
10 228
10 100
10 81
10 163
10 164
10 165
10 217
10 218
10 167
10 28
10 169
10 170
10 29
10 30
10 171
10 85
10 172
10 86
10 173
10 89
10 31
10 33
10 177
10 34
10 35
10 91
10 179
10 237
10 96
10 41
10 180
10 181
10 182
6 52
8 52
12 52
13 52
16 52
20 52
22 52
39 52
23 52
25 52
26 52
27 52
29 52
30 52
31 52
40 52
32 52
33 52
34 52
35 52
14 53
17 53
19 53
23 53
24 53
25 53
53 100
27 53
29 53
30 53
31 53
40 53
32 53
34 53
35 53
41 53
101 121
8 121
17 121
18 121
21 121
22 121
39 121
23 121
24 121
26 121
27 121
29 121
30 121
40 121
32 121
33 121
35 121
54 101
6 54
12 54
13 54
14 54
15 54
17 54
18 54
19 54
22 54
38 54
39 54
23 54
26 54
54 100
27 54
28 54
30 54
31 54
33 54
6 122
8 122
10 122
12 122
14 122
17 122
39 122
24 122
25 122
28 122
31 122
35 122
41 122
4 92
12 92
39 92
23 92
25 92
26 92
28 92
29 92
32 92
33 92
35 92
3 238
9 238
11 238
16 238
17 238
38 238
39 238
23 238
25 238
28 238
29 238
31 238
33 238
34 238
35 238
41 238
2 123
6 123
8 123
14 123
16 123
17 123
18 123
20 123
21 123
22 123
27 123
28 123
29 123
30 123
31 123
33 123
34 123
41 123
14 55
18 55
22 55
23 55
25 55
26 55
27 55
29 55
40 55
32 55
34 55
35 55
2 126
6 126
8 126
11 126
13 126
15 126
19 126
21 126
38 126
39 126
23 126
24 126
25 126
27 126
33 126
56 101
13 56
14 56
16 56
17 56
18 56
39 56
26 56
56 100
27 56
28 56
30 56
31 56
34 56
35 56
6 57
11 57
17 57
18 57
39 57
24 57
25 57
26 57
29 57
30 57
31 57
34 57
35 57
41 57
2 189
11 189
12 189
14 189
16 189
18 189
19 189
21 189
22 189
24 189
25 189
28 189
29 189
30 189
33 189
34 189
35 189
11 105
11 184
11 120
11 58
11 60
11 136
11 63
11 64
11 15
11 65
11 66
11 17
11 19
11 20
11 142
11 144
11 150
11 70
11 71
11 23
11 24
11 158
11 159
11 75
11 77
11 161
11 162
11 26
11 28
11 169
11 29
11 83
11 84
11 85
11 172
11 87
11 88
11 89
11 40
11 33
11 177
11 34
11 35
11 179
11 94
11 95
11 182
11 98
58 101
6 58
8 58
12 58
14 58
15 58
16 58
19 58
21 58
22 58
38 58
39 58
23 58
24 58
25 58
28 58
29 58
40 58
32 58
33 58
34 58
41 58
6 60
14 60
16 60
19 60
20 60
24 60
29 60
30 60
34 60
41 60
8 131
12 131
13 131
15 131
17 131
19 131
22 131
25 131
26 131
28 131
30 131
40 131
33 131
12 61
13 61
15 61
16 61
18 61
19 61
22 61
24 61
27 61
31 61
32 61
8 191
15 191
19 191
22 191
23 191
25 191
26 191
27 191
28 191
29 191
30 191
31 191
40 191
32 191
33 191
8 133
11 133
15 133
19 133
21 133
25 133
26 133
30 133
31 133
32 133
33 133
34 133
35 133
8 136
13 136
21 136
22 136
24 136
100 136
28 136
29 136
30 136
33 136
34 136
35 136
16 63
18 63
20 63
22 63
25 63
63 100
27 63
28 63
30 63
31 63
40 63
32 63
34 63
35 63
41 63
2 137
6 137
8 137
16 137
19 137
24 137
27 137
28 137
30 137
31 137
32 137
33 137
34 137
41 137
29 104
29 199
29 184
29 201
29 115
29 117
29 118
29 120
29 204
29 124
29 125
29 128
29 59
29 132
29 207
29 134
12 29
14 29
29 64
15 29
17 29
29 68
19 29
21 29
29 143
29 69
29 148
22 29
29 38
29 149
29 70
29 71
29 153
29 154
29 208
29 183
29 210
29 211
29 74
29 157
29 158
29 213
29 227
29 75
29 241
29 160
29 234
25 29
29 161
29 162
29 215
27 29
29 80
29 81
29 163
29 217
29 194
29 168
29 169
29 195
29 84
29 87
29 220
29 221
29 173
29 31
29 32
29 174
29 176
29 33
29 178
29 223
29 91
29 179
29 93
29 95
29 180
29 97
29 98
12 105
12 198
12 199
6 12
12 115
12 118
12 204
12 125
12 127
12 128
12 206
12 129
12 130
12 132
12 134
12 135
12 13
12 64
12 66
12 18
12 67
12 139
12 21
12 141
12 143
12 69
12 145
12 22
12 38
12 149
12 153
12 154
12 156
12 23
12 72
12 209
12 192
12 183
12 74
12 157
12 158
12 213
12 75
12 160
12 76
12 78
12 228
12 27
12 81
12 165
12 166
12 218
12 167
12 168
12 28
12 169
12 195
12 170
12 30
12 84
12 219
12 85
12 172
12 173
12 88
12 89
12 31
12 32
12 222
12 33
12 177
12 35
12 90
12 179
12 96
12 41
12 180
12 225
13 14
14 21
14 155
14 31
14 93
14 98
14 64
17 64
19 64
20 64
21 64
39 64
23 64
24 64
64 100
27 64
28 64
40 64
33 64
34 64
41 64
15 103
15 105
15 101
15 184
6 15
15 116
15 203
15 204
15 124
15 188
15 206
15 59
15 190
15 134
15 66
15 16
15 17
15 18
15 68
15 140
15 141
15 142
15 69
15 147
15 148
15 38
15 150
15 151
15 152
15 70
15 39
15 155
15 156
15 72
15 231
15 73
15 183
15 210
15 211
15 74
15 159
15 75
15 77
15 193
15 161
15 78
15 79
15 100
15 80
15 81
15 163
15 166
15 218
15 82
15 170
15 30
15 83
15 84
15 219
15 220
15 221
15 88
15 89
15 174
15 177
15 34
15 178
15 90
15 91
15 179
15 93
15 95
15 96
15 180
15 182
15 98
8 65
17 65
21 65
38 65
24 65
27 65
28 65
31 65
40 65
32 65
33 65
34 65
41 65
13 66
16 66
23 66
24 66
25 66
27 66
30 66
32 66
33 66
16 103
16 105
16 184
8 16
16 115
16 116
16 118
16 204
16 124
16 188
16 206
16 129
16 59
16 134
13 16
16 17
16 68
16 20
16 21
16 143
16 144
16 147
16 22
16 38
16 150
16 151
16 152
16 70
16 71
16 39
16 153
16 154
16 155
16 156
16 72
16 24
16 231
16 192
16 213
16 233
16 241
16 25
16 77
16 193
16 79
16 228
16 27
16 229
16 80
16 165
16 166
16 168
16 169
16 171
16 219
16 85
16 86
16 220
16 173
16 89
16 31
16 32
16 175
16 222
16 176
16 177
16 34
16 178
16 223
16 90
16 91
16 179
16 94
16 95
16 96
16 180
16 97
16 98
17 102
17 106
17 196
17 184
17 185
17 200
17 186
17 187
17 116
17 117
17 226
17 203
17 204
17 125
17 126
17 206
17 129
17 132
17 133
17 134
17 66
17 139
17 19
17 21
17 142
17 69
17 148
17 38
17 151
17 152
17 39
17 153
17 154
17 74
17 159
17 213
17 160
17 25
17 77
17 161
17 162
17 26
17 78
17 79
17 27
17 80
17 163
17 165
17 167
17 195
17 84
17 171
17 172
17 87
17 173
17 89
17 31
17 40
17 176
17 33
17 177
17 35
17 90
17 93
17 180
6 18
18 124
18 128
18 66
18 68
18 20
18 21
18 144
18 145
18 148
18 22
18 38
18 149
18 151
18 71
18 153
18 155
18 24
18 74
18 157
18 158
18 77
18 193
18 26
18 78
18 228
18 27
18 80
18 218
18 169
18 82
18 30
18 83
18 171
18 86
18 88
18 31
18 40
18 91
18 179
18 93
18 242
18 95
18 41
18 182
6 130
8 130
26 130
30 130
34 130
19 104
19 102
19 106
19 101
6 19
19 186
19 113
8 19
19 201
19 115
19 116
19 117
19 203
19 125
19 127
19 128
19 190
19 207
19 134
13 19
19 66
19 67
19 68
19 140
19 69
19 145
19 146
19 147
19 22
19 151
19 70
19 71
19 208
19 155
19 72
19 209
19 231
19 183
19 211
19 159
19 227
19 75
19 241
19 76
19 193
19 162
19 78
19 27
19 163
19 216
19 166
19 167
19 169
19 82
19 30
19 83
19 171
19 219
19 172
19 86
19 220
19 221
19 173
19 88
19 89
19 40
19 175
19 176
19 33
19 35
19 178
19 90
19 179
19 94
19 97
20 106
20 198
20 116
20 120
20 203
20 125
20 134
20 136
20 66
20 21
20 147
20 148
20 22
20 152
20 70
20 39
20 153
20 155
20 24
20 73
20 158
20 212
20 162
20 26
20 80
20 28
20 195
20 83
20 171
20 219
20 86
20 87
20 32
20 176
20 33
20 177
20 93
20 94
20 95
20 41
20 182
8 140
18 140
38 140
39 140
25 140
30 140
32 140
34 140
14 142
21 142
38 142
39 142
23 142
24 142
25 142
32 142
35 142
8 69
14 69
22 69
25 69
27 69
28 69
30 69
32 69
33 69
34 69
41 69
6 145
21 145
39 145
24 145
25 145
27 145
28 145
31 145
40 145
33 145
35 145
41 145
6 147
11 147
13 147
14 147
21 147
23 147
27 147
30 147
34 147
35 147
41 147
8 148
13 148
21 148
22 148
25 148
26 148
27 148
31 148
34 148
22 198
22 184
6 22
8 22
22 201
22 239
22 202
22 118
22 204
22 124
22 205
22 128
22 206
22 129
22 243
13 22
22 68
22 143
22 150
22 151
22 152
22 154
22 209
22 236
22 211
22 74
22 213
22 227
22 75
22 241
22 214
22 77
22 193
22 161
22 26
22 228
22 100
22 27
22 216
22 167
22 28
22 169
22 82
22 195
22 30
22 83
22 84
22 219
22 85
22 220
22 88
22 31
22 32
22 175
22 176
22 34
22 35
22 178
22 91
22 93
22 95
22 41
22 180
22 181
38 106
38 196
8 38
38 120
38 61
38 68
38 143
38 152
38 70
38 71
23 38
38 74
38 75
25 38
38 78
28 38
38 195
30 38
38 83
38 171
38 86
31 38
32 38
33 38
38 93
38 95
38 98
2 150
21 150
24 150
25 150
27 150
28 150
30 150
33 150
34 150
41 150
2 152
11 152
39 152
23 152
24 152
25 152
26 152
27 152
28 152
30 152
34 152
41 152
70 101
6 70
14 70
39 70
23 70
24 70
70 100
27 70
31 70
40 70
34 70
41 70
2 39
37 39
39 110
39 184
6 39
8 39
39 120
39 124
39 59
39 136
39 137
39 66
39 139
39 146
39 147
39 151
39 153
39 155
39 209
24 39
39 183
39 211
39 158
39 75
39 77
39 193
26 39
39 78
27 39
39 164
39 169
39 170
30 39
39 83
39 85
39 220
39 173
39 88
39 89
31 39
39 40
39 175
39 176
34 39
39 41
39 180
4 154
101 154
14 154
18 154
24 154
26 154
28 154
31 154
40 154
32 154
33 154
34 154
41 154
2 155
6 155
8 155
13 155
21 155
23 155
26 155
27 155
28 155
30 155
40 155
32 155
34 155
14 156
21 156
25 156
27 156
32 156
33 156
6 102
6 110
6 199
6 186
6 239
6 202
6 116
6 118
6 125
6 127
6 128
6 132
6 133
6 13
6 14
6 66
6 68
6 21
6 71
6 208
6 73
6 210
6 77
6 161
6 162
6 26
6 78
6 100
6 81
6 216
6 28
6 169
6 30
6 83
6 171
6 172
6 87
6 88
6 89
6 174
6 175
6 222
6 176
6 33
6 177
6 91
6 93
6 225
6 98
11 72
13 72
14 72
26 72
33 72
24 105
24 99
24 106
24 101
24 109
24 110
24 198
24 184
24 186
8 24
24 201
24 202
24 115
24 120
24 124
24 125
24 59
24 130
24 207
24 134
13 24
14 24
21 24
24 143
24 144
24 149
24 71
24 156
24 159
24 75
24 193
24 162
24 26
24 27
24 80
24 165
24 166
24 28
24 82
24 195
24 170
24 30
24 84
24 85
24 87
24 88
24 31
24 40
24 32
24 175
24 180
73 101
21 73
23 73
25 73
27 73
28 73
30 73
31 73
40 73
41 73
37 210
101 210
14 210
21 210
38 210
23 210
31 210
32 210
34 210
8 74
13 74
14 74
21 74
23 74
25 74
74 100
27 74
28 74
2 157
11 157
21 157
23 157
30 157
32 157
33 157
34 157
35 157
2 158
7 158
13 158
21 158
25 158
30 158
33 158
8 71
14 71
21 71
23 71
26 71
27 71
28 71
30 71
33 71
2 23
8 23
23 201
23 124
23 128
23 59
23 136
14 23
23 68
21 23
23 209
23 158
23 159
23 75
23 25
23 193
23 161
23 162
23 79
23 80
23 81
23 163
23 28
23 195
23 30
23 83
23 171
23 219
23 172
23 87
23 88
23 31
23 176
23 177
23 34
23 35
23 90
23 91
23 93
23 94
23 95
23 224
23 96
23 180
23 181
23 182
75 101
14 75
21 75
25 75
26 75
27 75
30 75
31 75
35 75
25 104
25 197
25 198
25 184
8 25
25 239
25 115
25 116
25 117
25 118
25 120
25 124
25 125
25 188
25 240
25 127
25 206
25 190
25 207
25 134
25 243
25 135
13 25
14 25
25 67
25 68
25 141
25 144
25 149
25 183
25 227
25 241
25 76
25 234
25 77
25 161
25 26
25 228
25 80
25 81
25 163
25 166
25 218
25 167
25 169
25 195
25 170
25 30
25 83
25 86
25 235
25 221
25 88
25 89
25 31
25 174
25 222
25 176
25 33
25 35
25 178
25 91
25 95
25 96
25 41
25 97
25 182
3 234
4 234
23 234
26 234
30 234
32 234
26 77
28 77
30 77
32 77
33 77
34 77
2 161
13 161
39 161
26 161
27 161
30 161
34 161
35 161
13 162
21 162
27 162
31 162
40 162
35 162
78 101
13 78
14 78
26 78
30 78
33 78
34 78
35 78
26 103
26 104
26 198
26 199
26 184
26 118
26 204
26 125
26 240
26 127
26 206
26 59
26 132
26 207
26 134
13 26
14 26
26 67
21 26
26 141
26 143
26 149
26 209
26 231
26 192
26 159
26 214
26 160
26 228
26 27
26 163
26 218
26 167
26 169
26 82
26 30
26 83
26 85
26 221
26 173
26 88
26 89
26 40
26 174
26 222
26 176
26 33
26 34
26 35
26 91
26 179
26 93
26 95
26 180
26 182
68 101
27 68
30 68
31 68
40 68
32 68
33 68
34 68
2 153
14 153
21 153
38 153
23 153
28 153
32 153
35 153
79 101
31 79
33 79
27 102
27 101
27 199
27 201
27 120
27 128
27 206
27 59
27 190
14 27
27 67
27 139
27 144
27 151
27 209
27 192
27 77
27 193
27 80
27 163
27 169
27 82
27 195
27 170
27 84
27 171
27 219
27 172
27 86
27 173
27 89
27 31
27 177
27 35
27 90
27 179
27 93
27 95
27 96
27 41
27 182
80 101
21 80
30 80
31 80
40 80
41 80
13 81
28 81
30 81
31 81
32 81
34 81
35 81
41 81
2 163
8 163
13 163
21 163
39 163
100 163
28 163
32 163
34 163
7 165
8 165
23 165
26 165
100 165
28 165
32 165
41 165
2 217
11 217
23 217
28 217
32 217
33 217
34 217
8 97
28 97
30 97
32 97
34 97
41 97
37 218
7 218
100 218
28 218
32 218
33 218
21 168
100 168
33 168
34 168
28 187
8 28
28 116
28 203
28 124
28 127
28 206
28 134
28 243
28 135
13 28
14 28
28 139
21 28
28 141
28 146
28 230
28 151
28 231
28 192
28 160
28 76
28 229
28 167
28 169
28 82
28 195
28 30
28 84
28 171
28 219
28 85
28 172
28 86
28 235
28 87
28 221
28 173
28 31
28 174
28 33
28 35
28 90
28 179
28 94
28 95
28 181
28 182
37 169
13 169
14 169
21 169
33 169
34 169
13 82
14 82
23 82
82 100
30 82
40 82
35 82
41 82
30 104
30 199
8 30
30 201
30 202
30 116
30 117
30 124
30 240
30 206
30 59
30 207
30 135
30 67
21 30
30 143
30 144
30 149
30 151
30 208
30 209
30 183
30 211
30 213
30 227
30 241
30 214
30 160
30 76
30 193
30 228
30 100
30 216
30 166
30 195
30 170
30 171
30 172
30 86
30 221
30 88
30 89
30 31
30 32
30 174
30 222
30 176
30 35
30 223
30 90
30 179
30 95
30 41
30 182
2 195
7 195
13 195
31 195
40 195
32 195
8 170
13 170
21 170
32 170
34 170
8 199
18 199
21 199
23 199
8 83
13 83
21 83
32 83
41 83
2 171
13 171
21 171
100 171
40 171
32 171
33 171
35 171
13 85
31 85
40 85
41 85
86 101
13 86
35 86
41 86
8 104
8 105
8 201
8 239
8 202
8 120
8 204
8 206
8 132
8 134
8 13
8 14
8 67
8 192
8 213
8 241
8 228
8 100
8 167
8 172
8 87
8 88
8 89
8 40
8 32
8 174
8 175
8 176
8 33
8 178
8 93
8 95
8 96
8 41
8 180
8 225
8 98
7 129
11 129
14 129
25 129
26 129
13 87
21 87
31 87
32 87
34 87
35 87
13 88
14 88
88 100
40 88
32 88
34 88
35 88
41 88
89 101
89 100
40 89
33 89
41 89
32 184
32 202
32 116
32 117
32 118
32 120
32 204
32 124
32 188
32 240
32 127
32 206
32 59
32 132
14 32
21 32
32 144
32 149
32 192
32 227
32 160
32 76
32 193
32 228
32 100
32 216
32 166
32 219
32 172
32 220
32 173
31 32
32 40
32 222
32 35
32 178
32 90
32 91
32 179
32 95
32 96
32 41
32 180
6 179
13 179
14 179
38 179
23 179
40 179
34 179
35 179
2 174
13 174
31 174
34 174
2 176
13 176
14 176
21 176
100 176
31 176
2 177
13 177
31 177
34 104
34 105
34 101
34 198
34 184
34 113
34 201
34 202
34 118
34 120
34 203
34 204
34 124
34 205
34 206
34 132
34 207
34 134
34 67
34 139
34 144
34 149
34 151
34 208
34 209
34 192
34 211
34 159
34 213
34 241
34 215
34 100
34 84
34 221
31 34
34 40
34 175
34 222
34 178
34 180
34 225
34 98
33 105
33 106
33 101
33 115
33 116
33 117
33 203
33 204
33 59
33 134
33 144
33 149
33 192
33 233
33 241
33 193
33 216
33 194
33 84
33 235
33 221
33 173
31 33
33 40
33 222
33 178
33 91
33 242
33 41
33 180
33 98
13 90
21 90
31 90
13 91
91 100
40 91
93 101
13 93
21 93
35 93
6 94
13 94
14 94
21 94
31 94
41 94
13 96
40 96
14 95
21 95
95 100
31 95
35 95
41 95
21 84
41 84
14 181
31 181
