242 9046
1 2
1 3
1 4
1 6
1 10
1 12
1 13
1 14
1 15
1 18
1 19
1 22
1 23
1 28
1 34
1 35
1 39
1 40
1 42
1 43
1 46
1 47
1 50
1 51
1 55
1 56
1 63
1 66
1 67
1 71
1 73
1 74
1 75
1 77
1 80
1 81
1 82
1 84
1 86
1 92
1 94
1 98
1 100
1 102
1 105
1 106
1 110
1 111
1 119
1 122
1 123
1 124
1 127
1 128
1 130
1 132
1 133
1 135
1 138
1 140
1 141
1 142
3 6
3 151
3 7
3 9
3 11
3 15
3 152
3 17
3 22
3 23
3 24
3 25
3 26
3 156
3 27
3 157
3 28
3 32
3 33
3 34
3 36
3 37
3 160
3 41
3 43
3 162
3 45
3 46
3 48
3 164
3 50
3 51
3 53
3 54
3 59
3 60
3 63
3 65
3 69
3 72
3 76
3 77
3 168
3 79
3 80
3 81
3 84
3 86
3 171
3 90
3 91
3 173
3 175
3 97
3 98
3 101
3 179
3 103
3 106
3 108
3 181
3 111
3 182
3 114
3 119
3 124
3 126
3 127
3 130
3 131
3 184
3 185
3 135
3 137
3 186
3 140
3 142
3 187
3 144
3 188
5 6
5 15
5 17
5 28
5 29
5 39
5 54
5 68
5 86
5 90
5 193
5 107
5 108
5 109
5 111
5 194
5 126
5 130
5 131
5 135
5 143
5 149
8 9
8 10
8 12
8 14
8 15
8 17
8 155
8 18
8 196
8 20
8 24
8 25
8 26
8 27
8 157
8 29
8 31
8 198
8 158
8 34
8 37
8 39
8 40
8 41
8 42
8 45
8 200
8 49
8 50
8 54
8 56
8 57
8 60
8 61
8 62
8 63
8 64
8 67
8 71
8 74
8 77
8 168
8 80
8 81
8 170
8 86
8 171
8 90
8 93
8 202
8 97
8 99
8 100
8 203
8 102
8 103
8 104
8 106
8 204
8 111
8 207
8 113
8 117
8 119
8 122
8 125
8 127
8 130
8 132
8 184
8 185
8 134
8 135
8 186
8 140
8 141
8 187
8 144
8 188
8 189
8 146
8 191
150 151
9 151
10 151
151 195
12 151
151 210
151 155
151 211
20 151
21 151
25 151
151 212
28 151
29 151
31 151
32 151
151 213
34 151
151 159
39 151
40 151
41 151
45 151
46 151
51 151
151 166
54 151
151 192
151 167
56 151
57 151
58 151
60 151
61 151
64 151
65 151
66 151
68 151
70 151
71 151
72 151
73 151
86 151
151 171
89 151
90 151
92 151
95 151
151 215
99 151
100 151
104 151
151 204
109 151
111 151
112 151
113 151
151 216
151 194
114 151
115 151
122 151
127 151
131 151
133 151
151 217
139 151
143 151
144 151
145 151
146 151
151 191
4 9
6 9
9 10
9 153
9 16
9 154
9 155
9 19
9 211
9 196
9 21
9 197
9 22
9 23
9 24
9 212
9 27
9 28
9 29
9 30
9 31
9 33
9 158
9 36
9 159
9 39
9 40
9 41
9 42
9 161
9 43
9 199
9 44
9 219
9 162
9 49
9 50
9 51
9 52
9 53
9 214
9 54
9 59
9 62
9 66
9 67
9 68
9 69
9 73
9 76
9 78
9 79
9 80
9 81
9 82
9 170
9 84
9 88
9 89
9 90
9 91
9 92
9 175
9 94
9 97
9 98
9 99
9 221
9 101
9 203
9 102
9 223
9 103
9 180
9 106
9 108
9 109
9 110
9 181
9 112
9 207
9 224
9 113
9 216
9 208
9 182
9 114
9 115
9 116
9 117
9 118
9 119
9 120
9 123
9 183
9 124
9 126
9 129
9 131
9 132
9 184
9 133
9 185
9 217
9 134
9 137
9 143
9 187
9 228
9 144
9 189
9 146
9 147
9 148
9 149
9 190
10 150
2 10
4 10
10 11
10 12
10 14
10 153
10 154
10 210
10 155
10 18
10 19
10 211
10 20
10 21
10 197
10 23
10 24
10 26
10 156
10 27
10 28
10 218
10 31
10 32
10 38
10 41
10 42
10 161
10 44
10 230
10 231
10 46
10 48
10 49
10 164
10 50
10 51
10 201
10 52
10 53
10 232
10 214
10 54
10 56
10 58
10 59
10 62
10 63
10 64
10 65
10 69
10 71
10 73
10 168
10 169
10 80
10 81
10 82
10 83
10 170
10 86
10 88
10 89
10 90
10 91
10 93
10 175
10 176
10 94
10 99
10 100
10 222
10 103
10 104
10 105
10 107
10 109
10 205
10 110
10 111
10 113
10 216
10 208
10 182
10 194
10 116
10 118
10 120
10 183
10 124
10 125
10 126
10 128
10 129
10 131
10 132
10 184
10 185
10 234
10 134
10 135
10 136
10 186
10 141
10 143
10 187
10 227
10 144
10 229
10 149
6 13
11 13
13 15
13 16
13 17
13 155
13 212
13 28
13 29
13 36
13 40
13 160
13 46
13 49
13 50
13 51
13 58
13 59
13 60
13 62
13 63
13 64
13 65
13 68
13 70
13 75
13 77
13 89
13 91
13 100
13 104
13 108
13 109
13 114
13 121
13 123
13 124
13 126
13 127
13 184
13 135
13 141
13 142
13 143
13 187
13 189
13 146
13 190
8 215
9 215
195 215
11 215
17 215
20 215
25 215
29 215
31 215
34 215
36 215
37 215
39 215
42 215
46 215
50 215
53 215
166 215
54 215
61 215
63 215
65 215
68 215
73 215
77 215
81 215
90 215
95 215
97 215
101 215
106 215
107 215
111 215
112 215
208 215
182 215
119 215
124 215
126 215
127 215
128 215
133 215
134 215
135 215
145 215
5 7
6 7
7 195
7 15
7 155
7 211
7 196
7 22
7 25
7 212
7 156
7 27
7 28
7 29
7 33
7 35
7 36
7 37
7 41
7 44
7 45
7 46
7 49
7 50
7 201
7 54
7 57
7 58
7 59
7 64
7 65
7 68
7 70
7 75
7 78
7 84
7 90
7 91
7 174
7 176
7 94
7 97
7 99
7 100
7 103
7 104
7 105
7 107
7 111
7 112
7 216
7 115
7 126
7 130
7 131
7 132
7 133
7 135
7 136
7 138
7 140
7 141
7 142
7 189
7 146
7 148
14 195
17 195
195 211
20 195
25 195
28 195
31 195
36 195
37 195
160 195
46 195
192 195
56 195
57 195
58 195
59 195
64 195
67 195
68 195
169 195
90 195
92 195
95 195
104 195
106 195
107 195
111 195
112 195
195 208
119 195
120 195
124 195
126 195
128 195
131 195
133 195
134 195
142 195
146 195
191 195
11 150
6 11
11 12
11 15
11 152
11 17
11 155
11 20
11 21
11 22
11 23
11 29
11 31
11 33
11 34
11 36
11 37
11 39
11 160
11 43
11 44
11 162
11 45
11 163
11 53
11 57
11 58
11 59
11 63
11 68
11 69
11 71
11 72
11 73
11 74
11 79
11 80
11 83
11 170
11 84
11 85
11 87
11 88
11 171
11 91
11 176
11 97
11 103
11 104
11 105
11 106
11 108
11 111
11 117
11 119
11 120
11 123
11 183
11 124
11 132
11 133
11 135
11 136
11 141
11 142
11 187
11 188
11 145
11 189
11 149
11 191
6 12
12 195
12 13
12 14
12 209
12 152
12 153
12 154
12 155
12 18
12 196
12 20
12 21
12 197
12 22
12 23
12 24
12 156
12 27
12 28
12 30
12 31
12 32
12 33
12 158
12 35
12 36
12 37
12 159
12 40
12 42
12 43
12 44
12 230
12 162
12 46
12 163
12 49
12 165
12 167
12 233
12 58
12 59
12 60
12 62
12 64
12 67
12 68
12 69
12 70
12 71
12 76
12 77
12 169
12 80
12 81
12 82
12 83
12 84
12 86
12 171
12 89
12 172
12 91
12 92
12 173
12 176
12 94
12 215
12 96
12 99
12 100
12 101
12 178
12 103
12 104
12 107
12 204
12 205
12 181
12 112
12 216
12 114
12 117
12 119
12 120
12 121
12 122
12 123
12 124
12 125
12 127
12 129
12 131
12 184
12 133
12 185
12 217
12 135
12 136
12 137
12 186
12 140
12 141
12 187
12 189
12 146
12 149
12 190
7 14
14 152
14 153
14 154
14 155
14 196
14 20
14 197
14 23
14 24
14 25
14 212
14 27
14 29
14 32
14 33
14 36
14 38
14 39
14 40
14 160
14 42
14 45
14 46
14 200
14 48
14 49
14 50
14 51
14 53
14 166
14 214
14 54
14 59
14 60
14 64
14 65
14 66
14 68
14 70
14 73
14 77
14 82
14 83
14 170
14 85
14 171
14 174
14 94
14 95
14 96
14 98
14 100
14 104
14 105
14 106
14 109
14 181
14 111
14 224
14 113
14 208
14 115
14 117
14 118
14 122
14 123
14 125
14 127
14 130
14 132
14 185
14 234
14 135
14 186
14 142
14 143
14 187
14 144
14 189
14 146
14 149
14 190
14 191
4 15
15 209
15 152
15 153
15 16
15 210
15 17
15 19
15 211
15 196
15 21
15 197
15 23
15 25
15 26
15 212
15 156
15 157
15 28
15 29
15 30
15 158
15 34
15 35
15 36
15 40
15 41
15 42
15 231
15 162
15 45
15 46
15 163
15 48
15 165
15 50
15 201
15 53
15 166
15 214
15 55
15 192
15 167
15 56
15 58
15 59
15 60
15 63
15 64
15 65
15 67
15 68
15 74
15 76
15 168
15 79
15 80
15 81
15 84
15 86
15 171
15 172
15 92
15 174
15 176
15 94
15 95
15 96
15 97
15 100
15 193
15 102
15 179
15 103
15 180
15 105
15 106
15 107
15 108
15 205
15 110
15 112
15 113
15 208
15 182
15 194
15 115
15 116
15 117
15 118
15 119
15 120
15 123
15 183
15 125
15 126
15 130
15 131
15 132
15 184
15 217
15 134
15 135
15 137
15 139
15 186
15 140
15 141
15 142
15 143
15 187
15 227
15 228
15 144
15 188
15 189
15 146
15 148
22 150
5 22
6 22
20 22
22 197
22 25
22 156
22 27
22 157
22 28
22 29
22 34
22 35
22 36
22 40
22 41
22 43
22 199
22 45
22 49
22 50
22 201
22 55
22 192
22 56
22 57
22 58
22 59
22 63
22 64
22 65
22 66
22 68
22 70
22 72
22 74
22 75
22 78
22 169
22 79
22 80
22 82
22 83
22 170
22 85
22 172
22 91
22 173
22 174
22 175
22 176
22 97
22 99
22 103
22 106
22 112
22 116
22 117
22 119
22 121
22 236
22 127
22 129
22 131
22 132
22 133
22 134
22 135
22 136
22 137
22 142
22 143
22 189
22 148
22 149
4 209
8 209
11 209
209 211
20 209
209 212
27 209
28 209
29 209
30 209
31 209
34 209
36 209
40 209
42 209
43 209
51 209
201 209
53 209
54 209
56 209
58 209
59 209
65 209
67 209
71 209
76 209
81 209
83 209
87 209
88 209
89 209
90 209
93 209
97 209
98 209
99 209
209 222
101 209
102 209
104 209
180 209
107 209
113 209
209 216
182 209
118 209
119 209
124 209
130 209
131 209
133 209
135 209
136 209
137 209
139 209
140 209
144 209
149 209
191 209
25 152
45 152
50 152
63 152
67 152
68 152
73 152
84 152
90 152
152 176
94 152
97 152
101 152
107 152
152 181
112 152
119 152
126 152
130 152
135 152
142 152
143 152
155 212
28 155
29 155
30 155
38 155
39 155
40 155
42 155
44 155
45 155
48 155
49 155
53 155
155 166
155 214
54 155
58 155
60 155
63 155
65 155
70 155
72 155
74 155
155 169
155 175
94 155
155 215
97 155
101 155
103 155
104 155
107 155
111 155
155 207
155 182
115 155
120 155
121 155
122 155
124 155
133 155
135 155
137 155
155 186
143 155
144 155
145 155
1 159
11 159
16 159
17 159
18 159
159 211
159 197
24 159
25 159
156 159
27 159
157 159
28 159
31 159
37 159
38 159
40 159
41 159
159 161
43 159
44 159
45 159
159 200
159 163
48 159
159 164
51 159
159 201
53 159
57 159
60 159
61 159
66 159
67 159
71 159
74 159
76 159
77 159
159 169
80 159
81 159
83 159
84 159
86 159
88 159
159 171
90 159
159 173
159 222
159 223
103 159
104 159
106 159
109 159
159 205
110 159
115 159
122 159
123 159
129 159
131 159
133 159
159 185
136 159
137 159
159 186
143 159
159 187
159 188
145 159
146 159
5 153
153 195
16 153
17 153
21 153
25 153
27 153
28 153
30 153
34 153
35 153
153 160
41 153
43 153
44 153
46 153
48 153
49 153
153 164
50 153
153 232
153 192
56 153
57 153
60 153
61 153
65 153
71 153
72 153
74 153
77 153
78 153
153 169
80 153
153 170
84 153
86 153
87 153
88 153
89 153
90 153
153 172
93 153
153 173
153 175
153 176
94 153
97 153
100 153
101 153
103 153
104 153
105 153
106 153
153 204
108 153
109 153
111 153
153 224
116 153
117 153
119 153
123 153
125 153
126 153
128 153
129 153
132 153
133 153
153 234
136 153
137 153
153 186
153 187
146 153
153 191
16 150
4 16
16 154
16 155
16 18
16 20
16 23
16 24
16 25
16 26
16 156
16 29
16 32
16 33
16 158
16 213
16 34
16 35
16 38
16 39
16 41
16 44
16 230
16 46
16 51
16 201
16 166
16 54
16 192
16 167
16 235
16 56
16 58
16 59
16 64
16 65
16 66
16 69
16 70
16 72
16 74
16 75
16 79
16 80
16 81
16 83
16 170
16 84
16 88
16 171
16 89
16 91
16 93
16 173
16 175
16 176
16 94
16 96
16 98
16 99
16 221
16 101
16 102
16 179
16 103
16 204
16 108
16 181
16 112
16 207
16 224
16 113
16 182
16 114
16 115
16 119
16 122
16 183
16 124
16 126
16 127
16 184
16 234
16 135
16 136
16 137
16 138
16 226
16 140
16 141
16 143
16 187
16 144
16 146
16 147
16 148
16 149
16 190
150 154
154 211
154 196
20 154
21 154
24 154
25 154
154 212
154 157
29 154
34 154
37 154
38 154
154 160
154 161
43 154
154 164
50 154
53 154
154 166
55 154
154 167
57 154
58 154
61 154
63 154
64 154
65 154
67 154
70 154
73 154
154 168
81 154
83 154
86 154
89 154
90 154
93 154
154 174
154 175
154 220
154 176
95 154
104 154
112 154
154 207
113 154
117 154
118 154
119 154
122 154
123 154
127 154
131 154
132 154
133 154
134 154
135 154
137 154
140 154
142 154
144 154
17 150
6 17
17 18
17 211
17 23
17 25
17 157
17 28
17 29
17 31
17 32
17 158
17 36
17 39
17 40
17 44
17 219
17 162
17 46
17 200
17 163
17 48
17 164
17 50
17 201
17 53
17 232
17 166
17 214
17 54
17 61
17 62
17 64
17 65
17 66
17 68
17 69
17 71
17 73
17 77
17 168
17 78
17 79
17 83
17 85
17 86
17 88
17 171
17 89
17 90
17 172
17 91
17 173
17 174
17 176
17 96
17 202
17 100
17 101
17 179
17 223
17 180
17 105
17 108
17 205
17 207
17 216
17 182
17 114
17 115
17 116
17 118
17 119
17 121
17 123
17 183
17 124
17 125
17 126
17 236
17 127
17 129
17 131
17 133
17 185
17 217
17 136
17 137
17 226
17 186
17 140
17 141
17 142
17 143
17 144
17 145
17 189
17 147
17 148
17 190
17 191
5 20
20 196
20 21
20 197
20 24
20 26
20 212
20 156
20 27
20 28
20 31
20 32
20 33
20 35
20 36
20 37
20 160
20 161
20 43
20 44
20 46
20 48
20 49
20 164
20 50
20 201
20 232
20 54
20 55
20 192
20 58
20 63
20 65
20 68
20 70
20 72
20 75
20 78
20 85
20 86
20 87
20 88
20 171
20 90
20 172
20 91
20 173
20 174
20 175
20 220
20 96
20 202
20 99
20 221
20 203
20 105
20 106
20 181
20 182
20 194
20 114
20 118
20 120
20 121
20 123
20 183
20 127
20 129
20 130
20 132
20 184
20 185
20 234
20 134
20 136
20 139
20 186
20 140
20 141
20 143
20 237
20 228
20 189
20 148
23 150
4 23
19 23
23 196
23 197
23 24
23 29
23 34
23 35
23 37
23 159
23 160
23 42
23 43
23 45
23 49
23 167
23 56
23 58
23 60
23 61
23 71
23 72
23 74
23 77
23 169
23 81
23 84
23 86
23 90
23 91
23 93
23 173
23 174
23 175
23 94
23 96
23 98
23 193
23 103
23 104
23 107
23 108
23 206
23 112
23 225
23 116
23 118
23 119
23 122
23 183
23 125
23 131
23 132
23 185
23 135
23 186
23 142
23 188
23 146
23 149
23 191
150 188
1 188
6 188
27 188
28 188
29 188
31 188
32 188
33 188
37 188
46 188
50 188
51 188
56 188
59 188
60 188
65 188
66 188
68 188
71 188
72 188
73 188
74 188
79 188
84 188
88 188
93 188
173 188
94 188
97 188
100 188
107 188
109 188
188 205
188 207
120 188
185 188
134 188
135 188
139 188
143 188
188 191
4 197
7 197
25 197
156 197
29 197
33 197
34 197
38 197
40 197
43 197
46 197
163 197
48 197
49 197
53 197
55 197
57 197
60 197
65 197
66 197
70 197
73 197
77 197
78 197
81 197
170 197
86 197
171 197
90 197
174 197
94 197
95 197
101 197
103 197
104 197
107 197
111 197
197 207
115 197
116 197
119 197
120 197
122 197
124 197
125 197
126 197
127 197
129 197
130 197
131 197
136 197
137 197
186 197
140 197
142 197
143 197
146 197
148 197
191 197
26 196
24 26
26 27
26 28
26 29
26 33
26 160
26 48
26 50
26 53
26 57
26 61
26 63
26 64
26 74
26 77
26 81
26 84
26 89
26 90
26 175
26 94
26 97
26 103
26 105
26 106
26 110
26 208
26 182
26 115
26 119
26 122
26 124
26 126
26 130
26 131
26 132
26 133
26 185
26 135
26 143
26 144
26 149
26 191
24 27
24 157
24 29
24 31
24 32
24 198
24 158
24 35
24 38
24 160
24 41
24 43
24 46
24 49
24 50
24 53
24 54
24 55
24 167
24 56
24 58
24 59
24 60
24 64
24 65
24 66
24 68
24 71
24 76
24 77
24 80
24 82
24 86
24 88
24 90
24 93
24 94
24 100
24 177
24 102
24 103
24 107
24 108
24 109
24 205
24 111
24 112
24 116
24 118
24 120
24 121
24 124
24 125
24 126
24 129
24 132
24 137
24 139
24 142
24 143
24 187
24 144
24 146
24 149
24 191
25 150
2 25
4 25
18 25
19 25
25 211
25 196
21 25
25 212
25 156
25 29
25 218
25 30
25 32
25 213
25 34
25 35
25 37
25 38
25 39
25 40
25 41
25 42
25 161
25 43
25 46
25 200
25 47
25 49
25 164
25 50
25 51
25 53
25 166
25 55
25 167
25 235
25 56
25 57
25 59
25 60
25 62
25 65
25 67
25 68
25 69
25 72
25 73
25 74
25 75
25 76
25 78
25 169
25 79
25 82
25 84
25 85
25 86
25 88
25 171
25 89
25 90
25 172
25 173
25 174
25 220
25 94
25 96
25 99
25 100
25 221
25 101
25 105
25 106
25 204
25 109
25 205
25 110
25 207
25 224
25 113
25 208
25 225
25 115
25 117
25 118
25 119
25 123
25 183
25 236
25 131
25 132
25 184
25 133
25 134
25 137
25 138
25 139
25 186
25 140
25 143
25 187
25 144
25 145
25 189
25 146
25 147
25 190
25 191
6 156
156 158
35 156
46 156
51 156
55 156
59 156
60 156
61 156
63 156
64 156
65 156
72 156
74 156
87 156
93 156
156 175
94 156
101 156
109 156
111 156
121 156
126 156
156 185
136 156
140 156
143 156
156 187
144 156
156 191
6 28
28 29
28 31
28 213
28 37
28 38
28 39
28 42
28 161
28 44
28 162
28 200
28 47
28 49
28 50
28 51
28 53
28 192
28 56
28 58
28 62
28 65
28 68
28 73
28 74
28 75
28 76
28 79
28 82
28 170
28 85
28 86
28 87
28 88
28 93
28 175
28 94
28 95
28 97
28 98
28 99
28 100
28 103
28 104
28 105
28 107
28 112
28 216
28 208
28 194
28 115
28 120
28 122
28 125
28 130
28 131
28 133
28 217
28 134
28 135
28 136
28 139
28 226
28 140
28 141
28 144
28 146
28 149
28 190
29 150
19 29
29 211
29 196
29 157
29 32
29 198
29 36
29 40
29 160
29 42
29 161
29 199
29 45
29 46
29 49
29 164
29 165
29 50
29 51
29 52
29 55
29 56
29 57
29 58
29 60
29 61
29 63
29 65
29 68
29 69
29 71
29 72
29 73
29 74
29 76
29 168
29 78
29 169
29 81
29 82
29 170
29 84
29 86
29 88
29 89
29 90
29 172
29 91
29 93
29 174
29 238
29 94
29 96
29 202
29 99
29 100
29 193
29 101
29 179
29 223
29 104
29 180
29 105
29 107
29 109
29 205
29 206
29 111
29 112
29 207
29 113
29 208
29 115
29 116
29 119
29 120
29 121
29 122
29 123
29 124
29 125
29 126
29 236
29 127
29 128
29 130
29 131
29 132
29 133
29 185
29 217
29 134
29 135
29 137
29 138
29 139
29 186
29 142
29 143
29 144
29 189
29 147
29 229
29 148
29 149
29 190
5 57
6 57
57 157
32 57
36 57
41 57
42 57
44 57
46 57
48 57
57 164
50 57
51 57
57 201
53 57
57 232
57 166
57 214
54 57
55 57
57 192
56 57
57 58
57 59
57 60
57 61
57 64
57 65
57 68
57 71
57 72
57 73
57 75
57 77
57 78
57 83
57 170
57 84
57 87
57 88
57 171
57 90
57 93
57 175
57 220
57 176
57 238
57 94
57 202
57 97
57 98
57 99
57 100
57 193
57 102
57 178
57 104
57 106
57 107
57 204
57 109
57 181
57 206
57 111
57 207
57 194
57 116
57 117
57 118
57 119
57 120
57 121
57 124
57 127
57 128
57 129
57 131
57 184
57 133
57 185
57 234
57 134
57 135
57 136
57 137
57 138
57 140
57 141
57 143
57 187
57 144
57 145
57 146
57 229
57 148
57 190
57 191
5 31
19 31
31 211
31 196
31 156
27 31
31 157
30 31
31 35
31 36
31 37
31 38
31 40
31 160
31 41
31 42
31 161
31 199
31 44
31 162
31 45
31 46
31 163
31 48
31 165
31 50
31 166
31 214
31 54
31 55
31 192
31 56
31 58
31 59
31 61
31 62
31 65
31 67
31 68
31 69
31 70
31 71
31 74
31 77
31 168
31 169
31 80
31 81
31 82
31 86
31 88
31 89
31 92
31 174
31 220
31 176
31 94
31 97
31 99
31 221
31 101
31 203
31 102
31 178
31 103
31 104
31 180
31 204
31 207
31 113
31 182
31 194
31 114
31 116
31 118
31 119
31 120
31 123
31 125
31 127
31 128
31 129
31 131
31 132
31 184
31 133
31 185
31 134
31 137
31 138
31 143
31 144
31 189
31 229
31 148
31 149
3 82
5 82
13 82
82 196
27 82
34 82
36 82
37 82
40 82
42 82
43 82
44 82
82 162
46 82
50 82
53 82
82 214
54 82
56 82
58 82
60 82
61 82
63 82
67 82
68 82
70 82
71 82
72 82
78 82
80 82
81 82
82 83
82 84
82 85
82 90
82 91
82 93
82 174
82 98
82 99
82 101
82 104
82 105
82 106
82 107
82 111
82 194
82 116
82 122
82 123
82 125
82 128
82 131
82 132
82 185
82 137
82 142
82 143
82 145
82 149
82 191
32 39
32 43
32 50
32 51
32 61
32 63
32 64
32 70
32 72
32 74
32 83
32 84
32 89
32 93
32 173
32 103
32 105
32 107
32 110
32 115
32 120
32 126
32 128
32 129
32 130
32 131
32 132
32 134
32 135
32 143
32 187
32 144
32 191
4 213
15 213
50 213
57 213
60 213
65 213
68 213
72 213
73 213
87 213
90 213
94 213
213 221
101 213
213 223
107 213
108 213
115 213
118 213
120 213
122 213
130 213
133 213
135 213
191 213
4 34
34 211
21 34
34 212
33 34
34 36
34 37
34 40
34 41
34 42
34 43
34 44
34 46
34 200
34 51
34 53
34 214
34 54
34 55
34 192
34 235
34 58
34 59
34 61
34 63
34 65
34 68
34 74
34 76
34 78
34 83
34 170
34 87
34 90
34 173
34 94
34 96
34 202
34 97
34 100
34 101
34 203
34 102
34 179
34 103
34 180
34 106
34 204
34 108
34 109
34 181
34 112
34 207
34 194
34 115
34 116
34 119
34 120
34 122
34 124
34 125
34 128
34 129
34 130
34 132
34 133
34 185
34 234
34 217
34 134
34 136
34 137
34 139
34 144
34 188
34 145
6 35
35 151
35 195
35 154
35 210
35 155
35 212
32 35
35 36
35 38
35 40
35 42
35 230
35 45
35 47
35 48
35 51
35 201
35 53
35 232
35 55
35 192
35 56
35 60
35 64
35 69
35 70
35 73
35 77
35 79
35 80
35 81
35 88
35 171
35 89
35 172
35 91
35 174
35 220
35 176
35 94
35 95
35 202
35 100
35 221
35 203
35 178
35 179
35 223
35 104
35 180
35 105
35 107
35 205
35 110
35 216
35 182
35 116
35 120
35 122
35 124
35 126
35 236
35 127
35 128
35 129
35 130
35 131
35 184
35 226
35 141
35 143
35 146
35 147
35 229
35 149
35 190
66 155
23 66
27 66
66 157
66 198
36 66
38 66
66 230
45 66
46 66
66 163
66 164
51 66
53 66
66 192
56 66
61 66
63 66
66 68
66 69
66 70
66 71
66 72
66 74
66 76
66 78
66 80
66 170
66 86
66 88
66 171
66 90
66 174
66 94
66 97
66 100
66 107
66 109
66 205
66 206
66 111
66 207
66 113
66 116
66 119
66 120
66 122
66 183
66 124
66 126
66 127
66 129
66 133
66 185
66 135
66 137
66 139
66 142
66 227
66 144
66 145
66 146
66 149
66 190
5 36
36 37
36 40
36 41
36 42
36 161
36 46
36 48
36 164
36 201
36 167
36 233
36 60
36 61
36 63
36 69
36 73
36 77
36 78
36 81
36 84
36 86
36 89
36 172
36 91
36 93
36 173
36 175
36 176
36 95
36 97
36 98
36 180
36 106
36 108
36 205
36 111
36 112
36 207
36 208
36 182
36 194
36 114
36 115
36 116
36 117
36 120
36 125
36 129
36 131
36 132
36 185
36 186
36 143
36 144
36 145
36 148
36 149
36 190
4 37
6 37
37 152
19 37
37 196
27 37
37 218
37 160
37 199
37 44
37 230
37 162
37 45
37 46
37 48
37 49
37 164
37 50
37 51
37 201
37 232
37 166
37 55
37 167
37 61
37 62
37 63
37 64
37 65
37 72
37 74
37 75
37 169
37 79
37 80
37 81
37 171
37 89
37 172
37 91
37 220
37 95
37 97
37 100
37 101
37 104
37 180
37 105
37 107
37 109
37 111
37 207
37 194
37 115
37 116
37 117
37 119
37 121
37 122
37 123
37 183
37 125
37 126
37 127
37 130
37 132
37 133
37 185
37 134
37 135
37 136
37 137
37 139
37 186
37 140
37 227
37 228
37 144
37 146
37 191
38 150
2 38
4 38
38 151
18 38
38 211
21 38
27 38
38 157
30 38
38 198
38 213
38 39
38 160
38 42
38 161
38 43
38 231
38 162
38 45
38 46
38 163
38 164
38 50
38 51
38 52
38 53
38 232
38 166
38 214
38 54
38 192
38 58
38 59
38 60
38 65
38 67
38 68
38 72
38 75
38 76
38 168
38 78
38 80
38 83
38 170
38 85
38 86
38 171
38 89
38 174
38 220
38 94
38 202
38 98
38 99
38 221
38 203
38 178
38 179
38 103
38 104
38 180
38 107
38 108
38 109
38 205
38 110
38 181
38 111
38 112
38 207
38 224
38 225
38 114
38 116
38 117
38 118
38 119
38 120
38 121
38 122
38 183
38 124
38 128
38 184
38 133
38 234
38 217
38 134
38 135
38 136
38 138
38 139
38 226
38 141
38 187
38 228
38 144
38 189
38 146
38 229
38 191
39 210
39 211
39 212
27 39
39 157
39 218
30 39
39 198
33 39
39 158
39 41
39 42
39 161
39 43
39 199
39 44
39 219
39 231
39 45
39 46
39 47
39 48
39 49
39 50
39 51
39 52
39 53
39 166
39 214
39 235
39 233
39 60
39 61
39 65
39 68
39 69
39 70
39 72
39 76
39 81
39 83
39 170
39 85
39 86
39 87
39 90
39 174
39 220
39 176
39 94
39 96
39 97
39 98
39 99
39 177
39 222
39 193
39 101
39 102
39 103
39 180
39 106
39 204
39 108
39 205
39 111
39 207
39 224
39 113
39 208
39 194
39 114
39 115
39 117
39 119
39 120
39 121
39 123
39 183
39 124
39 125
39 127
39 129
39 130
39 131
39 132
39 184
39 185
39 135
39 136
39 137
39 138
39 139
39 186
39 140
39 141
39 142
39 143
39 228
39 144
39 146
39 147
39 148
39 149
39 191
40 150
5 40
24 40
27 40
40 160
40 41
40 46
40 50
40 53
40 214
40 54
40 55
40 192
40 167
40 56
40 58
40 59
40 67
40 83
40 175
40 94
40 95
40 101
40 103
40 107
40 113
40 216
40 182
40 194
40 116
40 119
40 120
40 122
40 183
40 124
40 129
40 131
40 133
40 134
40 136
40 137
40 149
5 160
18 160
160 196
21 160
160 197
160 212
27 160
160 213
41 160
160 161
160 231
52 160
54 160
160 192
160 167
58 160
59 160
62 160
63 160
64 160
65 160
67 160
70 160
74 160
75 160
78 160
81 160
160 170
84 160
86 160
87 160
89 160
92 160
93 160
160 174
160 175
98 160
160 221
160 178
104 160
107 160
109 160
160 181
160 208
114 160
115 160
117 160
119 160
120 160
122 160
125 160
160 236
127 160
131 160
132 160
160 234
135 160
139 160
160 186
142 160
143 160
144 160
160 188
148 160
4 41
5 41
19 41
41 156
27 41
41 158
41 162
41 200
41 48
41 49
41 50
41 192
41 167
41 56
41 58
41 63
41 65
41 68
41 69
41 71
41 72
41 77
41 79
41 81
41 83
41 84
41 93
41 176
41 94
41 97
41 98
41 179
41 180
41 108
41 112
41 114
41 118
41 119
41 120
41 123
41 124
41 127
41 217
41 135
41 138
41 142
41 143
41 187
41 237
41 144
41 146
41 148
42 211
42 156
27 42
30 42
42 158
42 43
42 49
42 50
42 51
42 53
42 214
42 167
42 59
42 60
42 63
42 64
42 65
42 68
42 69
42 70
42 71
42 72
42 73
42 77
42 78
42 79
42 83
42 87
42 89
42 94
42 95
42 97
42 100
42 221
42 103
42 104
42 180
42 106
42 107
42 108
42 109
42 115
42 119
42 121
42 125
42 127
42 132
42 184
42 135
42 137
42 186
42 145
42 146
42 190
142 150
6 142
21 142
27 142
142 157
142 158
142 161
43 142
142 199
142 162
45 142
46 142
142 163
49 142
50 142
55 142
142 192
61 142
65 142
68 142
69 142
70 142
73 142
74 142
142 169
79 142
80 142
84 142
86 142
87 142
88 142
89 142
90 142
142 172
142 173
98 142
100 142
101 142
142 179
107 142
111 142
112 142
142 207
142 194
115 142
117 142
119 142
120 142
121 142
123 142
125 142
126 142
128 142
129 142
130 142
133 142
135 142
136 142
137 142
142 187
142 144
142 148
142 191
2 240
3 240
8 240
9 240
195 240
12 240
13 240
14 240
152 240
153 240
16 240
154 240
210 240
17 240
155 240
18 240
21 240
22 240
23 240
25 240
26 240
212 240
156 240
157 240
28 240
29 240
32 240
158 240
213 240
40 240
160 240
41 240
42 240
199 240
219 240
47 240
163 240
48 240
49 240
51 240
201 240
52 240
166 240
192 240
235 240
56 240
57 240
59 240
60 240
61 240
64 240
67 240
68 240
69 240
70 240
72 240
73 240
75 240
77 240
169 240
79 240
82 240
84 240
85 240
88 240
171 240
89 240
90 240
91 240
92 240
93 240
173 240
95 240
98 240
99 240
100 240
177 240
222 240
101 240
203 240
179 240
223 240
103 240
180 240
107 240
110 240
112 240
207 240
182 240
114 240
115 240
119 240
120 240
122 240
183 240
124 240
128 240
129 240
131 240
133 240
185 240
234 240
217 240
135 240
136 240
137 240
139 240
226 240
140 240
141 240
142 240
187 240
227 240
144 240
188 240
145 240
189 240
147 240
229 240
149 240
190 240
191 240
4 43
21 43
43 157
41 43
43 199
43 230
43 45
43 48
43 164
43 50
43 51
43 53
43 166
43 54
43 192
43 167
43 56
43 59
43 60
43 62
43 63
43 65
43 68
43 69
43 70
43 71
43 168
43 80
43 81
43 83
43 170
43 87
43 88
43 91
43 92
43 174
43 94
43 95
43 96
43 97
43 98
43 102
43 103
43 107
43 108
43 109
43 205
43 181
43 115
43 116
43 119
43 122
43 123
43 183
43 124
43 125
43 126
43 127
43 128
43 129
43 130
43 131
43 133
43 185
43 134
43 186
43 140
43 144
43 190
43 191
44 151
44 195
44 209
18 44
24 44
26 44
27 44
32 44
43 44
44 219
44 231
44 45
44 46
44 48
44 201
44 232
44 214
44 54
44 192
44 59
44 63
44 64
44 67
44 71
44 72
44 74
44 76
44 77
44 78
44 169
44 80
44 83
44 84
44 85
44 87
44 89
44 90
44 92
44 173
44 174
44 176
44 94
44 95
44 215
44 202
44 97
44 98
44 99
44 100
44 101
44 203
44 179
44 103
44 104
44 180
44 105
44 106
44 107
44 204
44 181
44 111
44 207
44 182
44 194
44 116
44 118
44 119
44 120
44 121
44 122
44 124
44 125
44 126
44 129
44 130
44 132
44 184
44 139
44 140
44 143
44 187
44 189
44 147
44 148
44 149
150 230
1 230
3 230
5 230
151 230
8 230
11 230
153 230
18 230
21 230
24 230
158 230
34 230
36 230
41 230
42 230
162 230
45 230
46 230
164 230
50 230
52 230
230 232
54 230
167 230
56 230
57 230
59 230
60 230
62 230
64 230
67 230
68 230
69 230
71 230
72 230
73 230
75 230
76 230
77 230
84 230
85 230
86 230
171 230
89 230
91 230
173 230
175 230
176 230
94 230
100 230
221 230
101 230
203 230
104 230
105 230
106 230
107 230
108 230
109 230
181 230
112 230
114 230
115 230
116 230
119 230
121 230
122 230
124 230
125 230
126 230
130 230
131 230
132 230
184 230
185 230
230 234
134 230
136 230
139 230
186 230
140 230
142 230
145 230
189 230
229 230
5 162
162 195
162 209
40 162
42 162
162 199
162 200
48 162
50 162
52 162
53 162
162 214
55 162
59 162
60 162
61 162
62 162
64 162
66 162
74 162
75 162
77 162
162 169
81 162
162 170
84 162
90 162
93 162
162 174
162 220
162 215
96 162
162 202
98 162
100 162
162 221
162 222
101 162
162 203
102 162
162 179
107 162
108 162
109 162
110 162
162 181
112 162
162 216
115 162
117 162
121 162
122 162
162 183
124 162
125 162
127 162
130 162
132 162
162 234
134 162
137 162
140 162
143 162
147 162
162 229
162 191
45 150
4 45
19 45
45 196
21 45
45 158
40 45
45 199
45 219
45 163
45 48
45 50
45 51
45 201
45 232
45 55
45 192
45 58
45 59
45 61
45 63
45 65
45 67
45 68
45 69
45 70
45 71
45 73
45 74
45 75
45 78
45 169
45 79
45 81
45 83
45 87
45 171
45 91
45 92
45 173
45 174
45 220
45 94
45 97
45 99
45 100
45 222
45 101
45 179
45 103
45 104
45 180
45 105
45 108
45 109
45 112
45 207
45 113
45 216
45 208
45 115
45 116
45 117
45 118
45 183
45 124
45 125
45 126
45 127
45 128
45 130
45 132
45 184
45 133
45 185
45 234
45 136
45 137
45 138
45 139
45 186
45 143
45 227
45 144
45 145
45 147
45 229
45 148
45 190
4 127
5 127
127 152
127 211
127 158
127 199
127 201
53 127
56 127
60 127
61 127
63 127
68 127
71 127
72 127
73 127
77 127
86 127
89 127
90 127
93 127
127 173
127 174
97 127
100 127
101 127
103 127
107 127
127 204
112 127
115 127
116 127
120 127
122 127
127 183
124 127
126 127
127 130
127 135
127 136
127 139
127 186
127 140
127 143
127 144
127 146
46 150
2 46
4 46
6 46
19 46
21 46
27 46
46 157
46 218
30 46
46 198
46 158
46 161
46 219
46 231
46 47
46 48
46 164
46 165
46 50
46 201
46 52
46 53
46 232
46 166
46 214
46 54
46 58
46 59
46 61
46 63
46 65
46 67
46 68
46 69
46 71
46 72
46 73
46 75
46 76
46 79
46 81
46 83
46 87
46 171
46 172
46 91
46 93
46 173
46 174
46 176
46 94
46 95
46 202
46 100
46 222
46 101
46 178
46 223
46 103
46 104
46 106
46 108
46 109
46 110
46 111
46 112
46 207
46 224
46 113
46 208
46 225
46 182
46 114
46 115
46 116
46 117
46 118
46 120
46 122
46 123
46 183
46 125
46 126
46 129
46 130
46 131
46 132
46 184
46 133
46 136
46 137
46 226
46 140
46 141
46 143
46 227
46 144
46 145
46 189
46 148
46 190
150 200
4 200
5 200
154 200
155 200
19 200
200 211
20 200
23 200
24 200
33 200
42 200
43 200
200 230
48 200
50 200
51 200
53 200
200 214
58 200
59 200
60 200
61 200
63 200
64 200
65 200
68 200
70 200
73 200
76 200
81 200
82 200
84 200
85 200
90 200
91 200
92 200
93 200
94 200
95 200
96 200
200 202
97 200
98 200
100 200
101 200
103 200
104 200
107 200
108 200
115 200
116 200
117 200
118 200
120 200
122 200
123 200
183 200
124 200
130 200
131 200
133 200
200 217
134 200
137 200
138 200
141 200
142 200
143 200
144 200
188 200
145 200
189 200
147 200
200 229
191 200
42 178
50 178
178 201
178 214
56 178
59 178
68 178
73 178
84 178
86 178
172 178
92 178
93 178
178 220
97 178
99 178
178 221
178 203
178 179
178 223
178 180
107 178
109 178
114 178
116 178
119 178
120 178
121 178
123 178
130 178
132 178
133 178
136 178
144 178
11 48
48 196
23 48
48 157
33 48
48 161
48 163
48 50
48 51
48 201
48 166
48 56
48 58
48 59
48 65
48 67
48 68
48 69
48 74
48 77
48 83
48 86
48 87
48 88
48 93
48 174
48 175
48 220
48 94
48 99
48 100
48 203
48 108
48 181
48 111
48 112
48 114
48 116
48 119
48 121
48 124
48 129
48 130
48 131
48 132
48 133
48 185
48 217
48 136
48 139
48 140
48 187
48 144
48 145
48 149
48 191
49 150
49 195
49 211
49 212
27 49
49 166
49 59
49 62
49 63
49 67
49 68
49 69
49 72
49 75
49 77
49 81
49 84
49 87
49 89
49 90
49 172
49 91
49 93
49 174
49 176
49 95
49 97
49 100
49 101
49 179
49 104
49 108
49 181
49 111
49 207
49 115
49 117
49 120
49 121
49 122
49 184
49 136
49 137
49 138
49 140
49 141
49 143
49 145
49 189
49 146
49 149
49 191
50 150
2 50
4 50
6 50
19 50
50 211
50 196
50 157
50 161
50 199
50 219
50 163
50 51
50 52
50 53
50 214
50 58
50 60
50 61
50 62
50 63
50 65
50 68
50 69
50 72
50 73
50 74
50 75
50 76
50 77
50 78
50 79
50 81
50 170
50 84
50 85
50 171
50 89
50 90
50 93
50 173
50 175
50 220
50 176
50 94
50 95
50 96
50 97
50 98
50 100
50 101
50 203
50 102
50 103
50 107
50 204
50 108
50 109
50 205
50 111
50 112
50 224
50 113
50 216
50 182
50 115
50 117
50 119
50 120
50 121
50 123
50 124
50 126
50 130
50 131
50 132
50 184
50 133
50 185
50 234
50 134
50 137
50 138
50 139
50 186
50 140
50 143
50 144
50 189
50 147
50 229
50 149
50 190
50 191
150 164
6 164
164 195
55 164
63 164
64 164
65 164
73 164
74 164
77 164
164 169
164 170
84 164
164 171
94 164
97 164
104 164
111 164
116 164
119 164
120 164
124 164
128 164
130 164
164 185
144 164
149 164
51 150
4 51
5 51
6 51
51 195
51 197
27 51
51 157
51 158
51 161
51 231
51 163
49 51
51 53
51 54
51 55
51 192
51 167
51 233
51 60
51 62
51 63
51 67
51 68
51 71
51 73
51 77
51 78
51 169
51 81
51 87
51 88
51 90
51 92
51 93
51 173
51 215
51 99
51 100
51 179
51 107
51 111
51 112
51 207
51 208
51 115
51 116
51 117
51 121
51 124
51 127
51 128
51 131
51 132
51 185
51 136
51 137
51 226
51 186
51 143
51 187
51 146
51 148
53 150
53 152
19 53
53 211
53 196
21 53
53 212
53 156
27 53
53 157
53 218
32 53
33 53
53 158
53 161
53 199
53 219
53 163
53 165
53 201
53 54
53 167
53 56
53 61
53 62
53 63
53 64
53 65
53 67
53 69
53 70
53 73
53 74
53 75
53 76
53 83
53 170
53 84
53 85
53 86
53 87
53 88
53 172
53 174
53 175
53 220
53 176
53 94
53 96
53 202
53 97
53 177
53 101
53 103
53 104
53 108
53 109
53 112
53 207
53 224
53 113
53 216
53 208
53 115
53 117
53 120
53 121
53 122
53 124
53 125
53 128
53 234
53 134
53 135
53 137
53 138
53 139
53 186
53 140
53 143
53 187
53 189
53 229
53 148
53 149
53 190
9 232
31 232
34 232
64 232
68 232
94 232
101 232
126 232
130 232
191 232
13 54
54 211
21 54
54 212
30 54
54 158
54 159
49 54
54 232
54 55
54 167
54 59
54 65
54 69
54 73
54 74
54 168
54 81
54 84
54 88
54 171
54 89
54 91
54 93
54 174
54 176
54 94
54 98
54 99
54 178
54 104
54 105
54 107
54 109
54 205
54 181
54 111
54 113
54 114
54 119
54 120
54 124
54 127
54 128
54 130
54 131
54 132
54 135
54 136
54 138
54 140
54 141
54 143
54 144
54 145
54 189
54 229
54 148
54 149
55 196
21 55
55 157
55 158
36 55
41 55
55 200
55 167
55 56
55 58
55 59
55 60
55 62
55 63
55 65
55 67
55 68
55 71
55 72
55 74
55 77
55 83
55 88
55 93
55 174
55 94
55 95
55 96
55 177
55 103
55 109
55 111
55 115
55 120
55 133
55 185
55 135
55 136
55 137
55 148
23 166
24 166
27 166
41 166
166 167
60 166
61 166
65 166
67 166
72 166
77 166
80 166
166 170
84 166
90 166
92 166
93 166
95 166
96 166
103 166
107 166
166 204
108 166
109 166
111 166
112 166
113 166
118 166
119 166
122 166
123 166
127 166
131 166
132 166
133 166
166 234
135 166
136 166
143 166
145 166
4 192
18 192
19 192
192 211
192 197
192 212
158 192
164 192
167 192
56 192
58 192
59 192
60 192
64 192
67 192
70 192
71 192
77 192
86 192
88 192
89 192
90 192
92 192
174 192
95 192
192 202
99 192
104 192
108 192
111 192
113 192
192 216
192 208
182 192
116 192
120 192
122 192
124 192
127 192
128 192
130 192
131 192
134 192
136 192
137 192
143 192
144 192
146 192
149 192
26 205
93 205
104 205
112 205
116 205
119 205
126 205
143 205
144 205
56 150
6 56
13 56
56 154
56 156
56 161
56 167
56 62
56 65
56 67
56 68
56 71
56 73
56 74
56 77
56 169
56 79
56 80
56 81
56 87
56 88
56 90
56 172
56 94
56 101
56 103
56 104
56 105
56 107
56 109
56 111
56 118
56 122
56 123
56 126
56 130
56 132
56 135
56 136
56 137
56 186
56 142
56 143
56 144
56 145
56 148
56 149
56 191
58 150
5 58
6 58
18 58
58 211
58 196
21 58
27 58
33 58
58 158
58 199
58 231
47 58
58 201
52 58
58 59
58 60
58 65
58 67
58 68
58 70
58 71
58 74
58 75
58 77
58 79
58 170
58 84
58 85
58 86
58 87
58 88
58 89
58 90
58 93
58 176
58 94
58 96
58 97
58 98
58 193
58 101
58 102
58 103
58 180
58 106
58 108
58 205
58 112
58 194
58 116
58 117
58 119
58 122
58 126
58 131
58 132
58 184
58 133
58 185
58 134
58 135
58 136
58 186
58 140
58 143
58 227
58 189
58 146
58 149
58 191
59 150
5 59
59 211
59 219
59 201
59 60
59 63
59 67
59 68
59 70
59 71
59 73
59 76
59 84
59 88
59 171
59 89
59 172
59 93
59 175
59 176
59 94
59 98
59 100
59 101
59 180
59 106
59 107
59 181
59 111
59 112
59 225
59 115
59 117
59 120
59 122
59 123
59 125
59 128
59 130
59 132
59 133
59 137
59 139
59 140
59 141
59 144
59 146
59 149
119 150
2 119
6 119
119 211
21 119
119 212
27 119
30 119
119 158
119 161
119 199
47 119
52 119
119 232
119 214
119 167
60 119
64 119
65 119
68 119
69 119
73 119
75 119
76 119
77 119
78 119
79 119
81 119
119 170
86 119
87 119
89 119
119 172
119 174
119 175
94 119
97 119
98 119
99 119
101 119
119 203
102 119
119 179
119 180
105 119
106 119
108 119
119 181
119 207
119 208
119 225
114 119
115 119
116 119
117 119
118 119
119 120
119 130
119 131
119 133
119 234
119 217
119 134
119 135
119 136
119 139
119 226
119 143
119 144
119 145
119 190
119 191
4 61
6 61
61 196
21 61
27 61
61 199
61 163
61 164
61 214
61 62
61 65
61 67
61 68
61 70
61 71
61 74
61 75
61 78
61 169
61 79
61 81
61 83
61 84
61 86
61 87
61 88
61 90
61 93
61 175
61 99
61 100
61 177
61 103
61 106
61 112
61 207
61 115
61 118
61 121
61 124
61 129
61 130
61 132
61 133
61 135
61 186
61 141
61 187
61 144
61 145
61 189
61 146
61 149
61 191
6 60
19 60
60 211
60 196
60 157
60 218
33 60
60 158
60 199
60 219
60 231
60 163
60 165
52 60
60 214
60 233
60 62
60 65
60 67
60 68
60 70
60 71
60 73
60 74
60 77
60 78
60 169
60 79
60 80
60 83
60 170
60 84
60 85
60 87
60 172
60 91
60 93
60 175
60 176
60 94
60 95
60 99
60 100
60 221
60 222
60 203
60 102
60 104
60 180
60 105
60 106
60 107
60 110
60 111
60 112
60 224
60 113
60 216
60 182
60 114
60 115
60 116
60 118
60 120
60 122
60 183
60 132
60 133
60 185
60 234
60 217
60 135
60 137
60 186
60 141
60 143
60 144
60 146
60 147
60 148
60 190
63 150
6 63
63 210
19 63
63 211
63 212
63 157
63 218
33 63
63 158
63 213
63 161
63 199
63 219
63 231
63 163
63 165
63 201
63 232
63 214
63 233
63 64
63 65
63 68
63 69
63 72
63 73
63 76
63 78
63 83
63 170
63 88
63 171
63 89
63 90
63 172
63 91
63 92
63 93
63 173
63 175
63 220
63 94
63 95
63 96
63 202
63 98
63 100
63 177
63 222
63 101
63 203
63 102
63 179
63 104
63 180
63 105
63 106
63 107
63 109
63 205
63 110
63 181
63 111
63 112
63 207
63 113
63 216
63 208
63 225
63 182
63 194
63 116
63 117
63 121
63 123
63 124
63 125
63 126
63 129
63 130
63 184
63 133
63 185
63 217
63 135
63 137
63 138
63 226
63 186
63 141
63 143
63 187
63 227
63 144
63 189
63 146
63 148
63 190
63 191
64 150
5 64
6 64
64 196
64 212
27 64
64 157
33 64
64 158
40 64
64 161
64 199
64 219
64 163
64 201
52 64
64 167
60 64
61 64
62 64
64 67
64 68
64 69
64 72
64 75
64 76
64 78
64 79
64 83
64 170
64 86
64 87
64 239
64 90
64 172
64 91
64 174
64 175
64 176
64 94
64 95
64 98
64 99
64 177
64 193
64 103
64 104
64 105
64 107
64 108
64 109
64 181
64 207
64 216
64 208
64 120
64 122
64 123
64 124
64 125
64 126
64 128
64 129
64 132
64 184
64 135
64 137
64 138
64 139
64 226
64 140
64 143
64 144
64 149
64 190
65 150
6 65
19 65
65 211
65 212
65 198
33 65
65 158
65 219
65 163
65 214
65 67
65 68
65 69
65 70
65 71
65 73
65 77
65 78
65 79
65 81
65 170
65 84
65 86
65 89
65 172
65 173
65 94
65 95
65 97
65 98
65 221
65 101
65 203
65 102
65 178
65 223
65 104
65 106
65 107
65 204
65 108
65 109
65 110
65 111
65 112
65 224
65 208
65 225
65 114
65 118
65 123
65 183
65 126
65 129
65 130
65 131
65 133
65 185
65 234
65 137
65 139
65 226
65 143
65 227
65 144
65 146
65 190
65 191
67 211
24 67
27 67
67 167
67 68
67 70
67 71
67 72
67 77
67 81
67 83
67 87
67 89
67 90
67 95
67 97
67 177
67 104
67 107
67 113
67 216
67 117
67 120
67 121
67 122
67 124
67 125
67 126
67 128
67 129
67 130
67 131
67 133
67 185
67 134
67 135
67 137
67 186
67 144
67 191
6 68
19 68
68 211
21 68
27 68
68 158
68 161
68 201
68 167
68 70
68 71
68 73
68 76
68 78
68 79
68 84
68 86
68 87
68 89
68 90
68 172
68 91
68 92
68 93
68 173
68 176
68 94
68 95
68 96
68 98
68 99
68 100
68 221
68 179
68 223
68 180
68 107
68 108
68 109
68 110
68 181
68 206
68 112
68 224
68 225
68 114
68 115
68 117
68 118
68 120
68 122
68 124
68 126
68 236
68 129
68 131
68 132
68 184
68 133
68 185
68 234
68 217
68 135
68 136
68 137
68 138
68 226
68 143
68 187
68 144
68 189
68 229
68 148
5 69
18 69
69 211
27 69
32 69
69 160
69 164
69 201
69 232
55 69
56 69
59 69
69 70
69 71
69 78
69 169
69 80
69 81
69 83
69 170
69 171
69 89
69 172
69 91
69 94
69 97
69 221
69 101
69 104
69 107
69 181
69 111
69 112
69 194
69 115
69 117
69 121
69 123
69 124
69 127
69 130
69 131
69 133
69 136
69 138
69 141
69 143
69 189
69 146
69 149
69 190
70 150
6 70
21 70
27 70
70 157
70 163
70 167
62 70
70 74
70 76
70 77
70 169
70 83
70 170
70 87
70 171
70 90
70 91
70 173
70 174
70 94
70 98
70 99
70 101
70 105
70 107
70 108
70 109
70 111
70 115
70 116
70 122
70 123
70 124
70 125
70 131
70 132
70 186
70 141
70 144
70 189
70 146
71 150
5 71
6 71
71 195
19 71
27 71
71 157
71 218
71 160
71 219
71 231
71 166
71 233
71 72
71 74
71 77
71 168
71 83
71 170
71 85
71 86
71 87
71 171
71 89
71 172
71 91
71 92
71 173
71 174
71 175
71 94
71 95
71 97
71 98
71 99
71 101
71 179
71 103
71 104
71 108
71 181
71 111
71 216
71 208
71 194
71 116
71 117
71 121
71 122
71 123
71 183
71 124
71 126
71 128
71 129
71 131
71 184
71 134
71 135
71 226
71 186
71 141
71 187
71 147
71 148
71 149
71 190
19 52
27 52
52 73
52 84
52 89
52 90
52 220
52 97
52 180
52 120
52 131
52 226
52 144
75 150
75 195
19 75
75 211
27 75
33 75
41 75
72 75
75 77
75 78
75 81
75 90
75 172
75 91
75 100
75 101
75 109
75 112
75 120
75 121
75 122
75 124
75 125
75 132
75 184
75 133
75 135
75 137
75 138
75 140
75 141
75 143
75 149
6 77
77 195
27 77
32 77
33 77
77 158
77 213
40 77
77 165
77 232
77 233
72 77
73 77
74 77
77 78
77 169
77 80
77 81
77 83
77 88
77 171
77 90
77 172
77 91
77 92
77 93
77 173
77 95
77 97
77 99
77 203
77 102
77 105
77 106
77 107
77 108
77 109
77 205
77 111
77 113
77 216
77 116
77 121
77 122
77 125
77 128
77 132
77 133
77 185
77 234
77 135
77 136
77 141
77 144
77 145
77 189
77 148
77 191
78 150
78 151
14 78
78 209
78 152
78 211
78 212
27 78
32 78
78 199
78 162
78 201
78 167
56 78
78 169
78 81
78 85
78 86
78 89
78 172
78 173
78 174
78 176
78 94
78 95
78 100
78 179
78 104
78 109
78 111
78 182
78 118
78 120
78 121
78 124
78 125
78 126
78 128
78 130
78 134
78 135
78 136
78 137
78 186
78 140
78 143
78 187
78 144
80 150
80 155
18 80
80 211
80 212
80 156
27 80
80 198
80 158
40 80
80 161
47 80
80 201
80 232
55 80
62 80
74 80
79 80
80 83
80 170
80 84
80 86
80 171
80 93
80 176
80 94
80 95
80 97
80 99
80 108
80 205
80 111
80 112
80 224
80 182
80 117
80 118
80 126
80 130
80 131
80 184
80 133
80 138
80 141
80 143
80 144
80 188
80 148
80 149
80 191
81 195
81 155
19 81
81 157
33 81
81 158
81 219
81 214
81 167
62 81
66 81
72 81
73 81
76 81
81 169
79 81
81 83
81 170
81 84
81 86
81 87
81 171
81 90
81 172
81 92
81 93
81 173
81 174
81 176
81 94
81 95
81 97
81 98
81 99
81 100
81 103
81 104
81 180
81 105
81 106
81 108
81 205
81 111
81 112
81 207
81 114
81 115
81 116
81 118
81 121
81 124
81 125
81 126
81 128
81 131
81 132
81 136
81 186
81 141
81 187
81 144
81 188
81 146
81 148
81 190
83 150
4 83
83 195
83 155
83 197
83 212
83 156
83 157
83 218
36 83
83 161
83 163
83 201
62 83
83 170
83 84
83 87
83 88
83 89
83 93
83 174
83 220
83 96
83 97
83 104
83 106
83 107
83 108
83 112
83 182
83 116
83 117
83 123
83 125
83 126
83 131
83 134
83 135
83 137
83 226
83 143
83 187
83 144
83 145
83 146
83 229
83 149
83 190
155 170
170 211
170 196
158 170
40 170
41 170
48 170
170 201
55 170
72 170
73 170
169 170
86 170
88 170
170 171
89 170
170 173
94 170
97 170
104 170
106 170
107 170
108 170
111 170
170 207
116 170
120 170
124 170
125 170
126 170
128 170
130 170
133 170
137 170
140 170
143 170
170 187
144 170
146 170
148 170
84 150
6 84
84 196
21 84
84 212
84 199
84 219
84 163
84 201
84 232
84 214
84 235
62 84
73 84
74 84
76 84
84 169
84 86
84 87
84 88
84 90
84 172
84 173
84 175
84 220
84 94
84 95
84 96
84 97
84 99
84 100
84 101
84 203
84 102
84 179
84 104
84 180
84 106
84 108
84 110
84 111
84 207
84 216
84 208
84 115
84 116
84 117
84 120
84 122
84 123
84 126
84 128
84 129
84 130
84 131
84 133
84 185
84 234
84 134
84 139
84 226
84 140
84 141
84 144
84 189
84 147
84 148
84 190
31 85
61 85
67 85
85 87
85 171
85 89
85 90
85 93
85 176
85 94
85 97
85 103
85 115
85 117
85 123
85 131
85 137
85 144
86 152
21 86
22 86
86 156
27 86
33 86
72 86
73 86
79 86
86 87
86 88
86 89
86 93
86 174
86 95
86 97
86 103
86 104
86 107
86 108
86 111
86 207
86 122
86 124
86 129
86 130
86 132
86 140
86 143
86 146
86 190
86 191
2 87
6 87
87 151
87 195
87 152
87 211
21 87
87 212
33 87
87 199
87 162
87 201
87 214
73 87
75 87
87 171
87 91
87 174
87 175
87 220
87 176
87 97
87 99
87 101
87 103
87 104
87 180
87 105
87 106
87 107
87 205
87 113
87 182
87 115
87 117
87 118
87 120
87 121
87 122
87 123
87 183
87 128
87 133
87 185
87 134
87 137
87 138
87 186
87 140
87 187
87 188
87 145
87 146
87 190
6 88
88 158
37 88
41 88
88 161
88 230
52 88
88 232
73 88
88 168
85 88
88 89
88 90
88 93
88 176
88 101
88 102
88 103
88 181
88 111
88 115
88 124
88 126
88 130
88 131
88 133
88 139
88 143
88 144
88 145
88 146
150 198
9 198
10 198
11 198
12 198
13 198
14 198
153 198
154 198
17 198
19 198
20 198
197 198
22 198
23 198
25 198
198 212
34 198
36 198
41 198
43 198
163 198
48 198
164 198
198 232
192 198
57 198
58 198
59 198
61 198
73 198
75 198
76 198
78 198
79 198
86 198
89 198
90 198
93 198
175 198
97 198
105 198
108 198
111 198
112 198
115 198
116 198
117 198
120 198
122 198
123 198
124 198
128 198
134 198
137 198
186 198
140 198
187 198
144 198
188 198
145 198
149 198
150 171
2 171
4 171
5 171
171 195
19 171
171 196
21 171
27 171
158 171
161 171
171 214
167 171
171 233
72 171
73 171
75 171
89 171
171 174
171 175
171 202
97 171
99 171
100 171
171 179
103 171
104 171
171 180
105 171
107 171
108 171
109 171
111 171
171 207
113 171
116 171
120 171
122 171
123 171
125 171
126 171
130 171
132 171
133 171
134 171
137 171
140 171
143 171
144 171
171 188
171 189
148 171
89 150
21 89
89 197
89 212
89 156
89 157
89 218
30 89
89 213
89 199
89 165
89 232
89 214
89 167
89 235
89 233
62 89
72 89
73 89
74 89
89 168
89 169
89 173
89 174
89 220
89 94
89 202
89 97
89 99
89 100
89 177
89 221
89 222
89 102
89 223
89 180
89 105
89 205
89 207
89 224
89 216
89 208
89 182
89 194
89 114
89 117
89 118
89 121
89 122
89 183
89 125
89 126
89 129
89 132
89 133
89 185
89 217
89 134
89 136
89 139
89 226
89 186
89 141
89 144
89 146
89 147
89 148
21 172
27 172
28 172
34 172
54 172
72 172
73 172
87 172
90 172
93 172
172 176
172 215
97 172
103 172
107 172
108 172
109 172
172 181
115 172
117 172
120 172
122 172
126 172
132 172
133 172
135 172
138 172
172 189
172 191
92 211
26 92
37 92
64 92
86 92
90 92
92 94
92 95
92 97
92 106
92 109
92 216
92 182
92 124
92 131
92 137
92 143
92 144
92 146
93 151
93 195
93 155
33 93
93 199
93 201
93 167
74 93
93 169
90 93
91 93
93 94
93 96
93 97
93 101
93 103
93 180
93 106
93 108
93 109
93 111
93 112
93 224
93 116
93 121
93 124
93 132
93 184
93 133
93 185
93 134
93 136
93 140
93 141
93 143
93 187
93 144
93 146
93 149
93 190
6 173
151 173
173 195
173 211
173 197
27 173
42 173
173 219
173 200
163 173
49 173
164 173
52 173
173 192
167 173
173 233
64 173
67 173
73 173
74 173
82 173
90 173
173 175
94 173
173 202
97 173
98 173
100 173
101 173
102 173
103 173
105 173
106 173
107 173
109 173
112 173
173 194
114 173
115 173
116 173
120 173
121 173
122 173
123 173
124 173
125 173
126 173
133 173
173 185
136 173
137 173
139 173
145 173
146 173
173 190
1 175
4 175
5 175
7 175
11 175
18 175
175 196
21 175
175 197
27 175
31 175
158 175
175 213
175 201
175 233
56 175
67 175
69 175
74 175
168 175
88 175
90 175
172 175
94 175
95 175
175 202
98 175
99 175
100 175
102 175
104 175
108 175
109 175
110 175
175 181
111 175
175 207
175 224
175 216
175 225
175 182
114 175
115 175
118 175
120 175
123 175
175 183
124 175
125 175
129 175
133 175
134 175
175 226
140 175
141 175
143 175
175 187
144 175
175 188
146 175
148 175
149 175
2 94
4 94
18 94
94 196
21 94
94 157
94 218
94 158
94 161
47 94
94 163
94 165
52 94
94 214
94 233
73 94
74 94
94 168
94 239
90 94
91 94
94 174
94 176
94 238
94 202
94 98
94 99
94 221
94 193
94 101
94 179
94 223
94 103
94 104
94 180
94 106
94 107
94 204
94 108
94 181
94 111
94 112
94 224
94 208
94 182
94 115
94 116
94 120
94 121
94 122
94 125
94 126
94 129
94 130
94 131
94 132
94 133
94 234
94 217
94 134
94 226
94 140
94 141
94 143
94 187
94 144
94 145
94 189
94 146
94 148
94 149
94 190
3 95
4 95
11 95
19 95
95 211
26 95
27 95
30 95
32 95
95 201
95 167
95 233
57 95
62 95
74 95
85 95
87 95
90 95
95 174
95 97
95 99
95 100
95 106
95 204
95 111
95 182
95 194
95 115
95 124
95 126
95 129
95 130
95 133
95 234
95 136
95 137
95 140
95 144
95 145
95 146
95 229
95 191
5 96
8 96
96 195
13 96
19 96
96 211
96 196
24 96
27 96
96 157
32 96
33 96
35 96
41 96
96 230
96 232
96 233
56 96
57 96
62 96
66 96
67 96
69 96
70 96
76 96
78 96
80 96
86 96
96 172
96 220
96 100
96 177
96 222
96 101
96 102
96 179
96 103
96 104
96 107
96 108
96 111
96 112
96 207
96 113
96 194
96 115
96 117
96 118
96 122
96 124
96 125
96 128
96 131
96 133
96 185
96 135
96 137
96 139
96 226
96 140
96 143
96 187
96 146
96 229
96 149
2 97
4 97
5 97
97 196
97 156
97 157
33 97
97 199
97 219
97 214
97 167
76 97
97 169
79 97
90 97
91 97
97 220
97 176
97 202
97 100
97 177
97 221
97 222
97 104
97 180
97 106
97 108
97 109
97 181
97 207
97 224
97 216
97 208
97 182
97 115
97 117
97 120
97 121
97 122
97 123
97 183
97 124
97 128
97 129
97 130
97 217
97 134
97 137
97 140
97 141
97 187
97 227
97 144
97 146
97 229
97 149
97 190
97 191
13 98
98 152
21 98
26 98
98 212
98 158
98 213
98 163
49 98
51 98
61 98
74 98
98 169
79 98
83 98
91 98
98 174
98 176
98 99
98 103
98 105
98 107
98 108
98 109
98 111
98 118
98 120
98 121
98 125
98 127
98 128
98 130
98 132
98 185
98 135
98 136
98 140
98 143
98 149
98 191
6 99
27 99
32 99
33 99
34 99
36 99
99 160
41 99
99 161
99 199
99 164
73 99
99 100
99 101
99 102
99 107
99 110
99 206
99 111
99 207
99 115
99 116
99 118
99 122
99 126
99 130
99 132
99 185
99 135
99 136
99 137
99 140
99 143
99 187
99 146
99 191
18 90
19 90
90 211
90 196
27 90
90 157
90 218
33 90
90 160
90 199
90 232
73 90
74 90
76 90
79 90
90 220
90 202
90 203
90 223
90 180
90 107
90 108
90 109
90 205
90 111
90 208
90 182
90 114
90 115
90 116
90 118
90 120
90 122
90 131
90 132
90 133
90 185
90 134
90 135
90 226
90 186
90 140
90 141
90 143
90 187
90 144
90 146
90 147
90 229
6 174
13 174
174 209
155 174
21 174
27 174
157 174
33 174
158 174
174 199
164 174
165 174
56 174
62 174
74 174
169 174
88 174
91 174
174 176
101 174
107 174
174 181
111 174
118 174
120 174
122 174
125 174
126 174
131 174
174 184
133 174
135 174
138 174
174 186
140 174
174 189
174 190
174 191
6 101
19 101
32 101
33 101
101 161
101 219
47 101
101 165
52 101
101 214
101 167
72 101
101 168
101 169
79 101
91 101
101 176
101 222
101 179
101 180
101 107
101 108
101 109
101 111
101 112
101 207
101 208
101 182
101 194
101 117
101 118
101 121
101 122
101 183
101 124
101 126
101 128
101 130
101 185
101 137
101 186
101 140
101 143
101 187
101 144
101 229
101 148
101 149
101 190
4 103
103 152
103 210
103 196
103 212
27 103
103 157
103 161
103 219
47 103
103 163
103 214
103 235
74 103
103 168
103 169
103 220
103 202
100 103
103 221
103 222
103 203
103 178
103 223
103 106
103 108
103 181
103 112
103 224
103 113
103 208
103 225
103 116
103 117
103 118
103 121
103 122
103 183
103 126
103 129
103 132
103 133
103 234
103 217
103 137
103 138
103 226
103 186
103 143
103 187
103 145
103 147
103 229
103 148
103 190
27 104
73 104
74 104
104 105
104 106
104 108
104 115
104 120
104 121
104 124
104 126
104 130
104 134
104 135
104 136
104 137
104 143
104 144
104 145
104 191
4 105
105 155
18 105
105 211
105 197
105 161
105 199
49 105
105 164
72 105
74 105
80 105
91 105
92 105
105 176
99 105
105 106
105 112
105 115
105 116
105 120
105 121
105 122
105 123
105 124
105 125
105 126
105 129
105 131
105 132
105 184
105 133
105 134
105 137
105 140
105 145
105 146
105 149
105 191
2 106
4 106
106 154
106 156
106 213
106 231
106 201
106 167
106 233
74 106
106 169
79 106
106 220
106 202
106 179
106 180
106 109
106 111
106 112
106 224
106 113
106 216
106 208
106 115
106 118
106 120
106 121
106 183
106 124
106 126
106 129
106 132
106 134
106 136
106 137
106 138
106 186
106 141
106 143
106 187
106 237
106 144
106 146
106 148
106 190
106 191
108 150
4 108
6 108
18 108
108 196
27 108
108 218
33 108
108 158
108 161
108 219
108 163
108 165
108 201
52 108
108 235
108 233
62 108
72 108
73 108
74 108
108 168
91 108
92 108
108 176
100 108
108 177
108 222
108 179
108 223
108 180
107 108
108 204
108 109
108 205
108 110
108 112
108 207
108 216
108 225
108 114
108 117
108 118
108 120
108 122
108 123
108 125
108 129
108 132
108 185
108 136
108 226
108 186
108 141
108 143
108 187
108 144
108 145
108 189
108 229
108 148
108 149
108 191
107 150
107 211
107 196
27 107
107 157
33 107
107 158
107 159
107 161
107 163
107 167
62 107
74 107
107 168
100 107
107 193
107 179
107 223
107 110
107 207
107 114
107 116
107 117
107 120
107 123
107 124
107 125
107 130
107 131
107 184
107 133
107 137
107 138
107 139
107 186
107 144
107 189
107 146
107 190
73 150
6 73
73 210
19 73
73 211
73 196
27 73
73 218
73 161
73 199
73 219
73 163
73 235
73 233
62 73
73 74
73 202
73 100
73 203
73 179
73 223
73 205
73 110
73 181
73 111
73 112
73 207
73 194
73 115
73 120
73 121
73 123
73 183
73 124
73 126
73 129
73 132
73 133
73 217
73 135
73 137
73 139
73 226
73 141
73 143
73 187
73 144
73 189
73 146
73 147
73 229
73 148
73 149
73 190
91 150
21 91
27 91
32 91
91 198
33 91
91 159
41 91
91 199
62 91
74 91
76 91
79 91
83 91
86 91
88 91
91 172
91 173
91 176
91 110
91 111
91 112
91 194
91 114
91 117
91 118
91 122
91 126
91 127
91 130
91 131
91 133
91 234
91 136
91 186
91 140
91 141
91 143
91 144
91 145
91 189
91 149
91 191
109 150
109 210
18 109
109 212
32 109
40 109
109 199
109 231
109 165
109 201
109 167
109 235
76 109
109 220
109 176
109 193
109 179
109 180
109 111
109 112
109 207
109 216
109 194
109 114
109 115
109 116
109 118
109 121
109 123
109 124
109 126
109 128
109 129
109 130
109 132
109 217
109 135
109 136
109 138
109 186
109 143
109 227
109 228
109 190
109 191
158 181
62 181
67 181
74 181
76 181
169 181
176 181
177 181
111 181
112 181
115 181
116 181
120 181
121 181
123 181
181 183
125 181
126 181
181 185
135 181
137 181
138 181
181 187
144 181
146 181
181 190
181 191
111 150
4 111
111 152
111 211
111 212
27 111
111 157
30 111
32 111
33 111
111 158
111 159
111 219
111 163
111 165
111 232
111 214
111 167
62 111
76 111
79 111
100 111
111 221
111 203
111 178
111 179
111 223
111 180
111 204
111 216
111 208
111 182
111 115
111 117
111 120
111 183
111 124
111 132
111 184
111 133
111 217
111 134
111 135
111 136
111 137
111 138
111 226
111 140
111 141
111 187
111 144
111 189
111 148
6 112
18 112
112 196
21 112
27 112
112 157
32 112
33 112
112 161
47 112
112 163
112 214
74 112
112 168
92 112
95 112
110 112
112 182
112 114
112 116
112 117
112 118
112 120
112 121
112 122
112 123
112 183
112 124
112 125
112 126
112 236
112 128
112 129
112 131
112 132
112 184
112 133
112 135
112 137
112 138
112 186
112 140
112 141
112 143
112 187
112 144
112 146
112 147
112 149
1 207
3 207
4 207
7 207
27 207
157 207
28 207
33 207
207 213
163 207
164 207
55 207
87 207
173 207
102 207
181 207
207 224
113 207
115 207
116 207
120 207
126 207
129 207
130 207
132 207
185 207
207 234
186 207
140 207
141 207
187 207
145 207
207 229
149 207
190 207
113 211
113 212
33 113
36 113
59 113
61 113
64 113
86 113
107 113
113 216
113 208
113 114
113 122
113 124
113 129
113 130
113 131
113 137
113 226
113 186
113 140
113 143
113 187
113 146
113 191
208 212
48 208
208 232
55 208
167 208
208 235
61 208
66 208
77 208
170 208
87 208
175 208
99 208
107 208
208 216
182 208
115 208
116 208
120 208
122 208
126 208
130 208
131 208
208 234
135 208
139 208
187 208
208 237
144 208
145 208
208 229
149 208
154 182
24 182
27 182
30 182
42 182
182 200
182 232
59 182
64 182
70 182
77 182
88 182
104 182
182 216
118 182
120 182
122 182
123 182
124 182
126 182
128 182
132 182
133 182
140 182
142 182
143 182
144 182
28 114
114 164
114 220
114 116
114 122
114 124
114 126
114 130
114 185
114 135
114 137
114 142
114 143
114 144
114 145
195 229
13 229
49 229
72 229
86 229
220 229
178 229
180 229
120 229
126 229
217 229
226 229
143 229
6 115
115 211
115 196
21 115
27 115
115 157
74 115
115 168
115 169
79 115
100 115
115 177
115 193
115 206
115 120
115 122
115 123
115 183
115 128
115 129
115 130
115 132
115 133
115 185
115 135
115 137
115 140
115 141
115 143
115 144
115 145
115 148
115 149
115 191
6 116
116 195
116 209
116 158
116 213
116 161
72 116
74 116
76 116
104 116
116 206
116 117
116 120
116 122
116 124
116 126
116 128
116 133
116 135
116 137
116 139
116 186
116 187
116 227
116 145
116 190
116 191
150 241
3 241
5 241
7 241
8 241
11 241
13 241
14 241
209 241
154 241
17 241
155 241
18 241
20 241
25 241
26 241
212 241
27 241
157 241
29 241
218 241
32 241
213 241
34 241
39 241
40 241
161 241
199 241
231 241
46 241
48 241
201 241
53 241
54 241
55 241
192 241
57 241
58 241
61 241
62 241
63 241
64 241
66 241
68 241
70 241
71 241
72 241
75 241
77 241
168 241
169 241
79 241
82 241
83 241
170 241
84 241
86 241
87 241
88 241
172 241
91 241
93 241
173 241
174 241
175 241
176 241
94 241
95 241
215 241
97 241
98 241
100 241
221 241
101 241
223 241
104 241
106 241
110 241
181 241
112 241
207 241
224 241
182 241
114 241
116 241
119 241
123 241
125 241
126 241
131 241
132 241
184 241
133 241
135 241
136 241
137 241
139 241
226 241
141 241
142 241
143 241
144 241
188 241
148 241
19 120
120 196
120 218
47 120
72 120
74 120
120 169
79 120
120 176
120 238
100 120
120 177
120 193
120 179
120 180
117 120
120 121
120 122
120 123
120 124
120 129
120 130
120 132
120 133
120 135
120 137
120 140
120 143
120 144
120 190
120 191
5 117
117 151
117 196
27 117
31 117
33 117
117 159
79 117
117 174
104 117
105 117
117 216
115 117
117 122
117 130
117 185
117 140
117 143
117 187
117 149
117 190
19 150
19 20
19 49
19 64
19 72
19 222
19 223
19 115
19 122
19 124
19 126
19 131
19 234
19 137
19 186
19 143
19 144
121 150
2 121
6 121
121 195
121 209
121 152
18 121
121 196
27 121
121 218
30 121
33 121
121 213
40 121
121 199
121 219
121 163
121 214
121 235
121 233
62 121
74 121
76 121
121 169
79 121
86 121
88 121
92 121
121 215
121 202
121 179
121 205
113 121
121 208
121 225
118 121
121 123
121 124
121 125
121 126
121 128
121 130
121 184
121 133
121 185
121 234
121 134
121 135
121 136
121 137
121 138
121 139
121 141
121 143
121 227
121 237
121 228
121 145
121 146
121 147
121 148
121 149
121 191
123 150
4 123
6 123
123 151
123 195
123 209
123 211
21 123
123 212
123 156
27 123
123 157
30 123
32 123
123 158
123 213
123 164
123 201
52 123
123 232
55 123
123 167
123 235
76 123
79 123
88 123
123 202
100 123
123 177
123 203
102 123
123 180
123 205
110 123
123 224
113 123
123 216
118 123
123 183
123 124
123 129
123 130
123 136
123 137
123 226
123 186
123 141
123 143
123 228
123 188
123 189
123 149
123 190
4 124
18 124
21 124
27 124
124 157
124 218
30 124
33 124
124 199
124 219
124 201
124 214
124 167
124 235
62 124
74 124
124 168
124 169
100 124
102 124
124 223
124 180
124 204
124 205
110 124
124 224
124 216
118 124
122 124
124 183
124 236
124 130
124 132
124 184
124 234
124 135
124 226
124 186
124 141
124 143
124 187
124 144
124 145
124 146
124 148
124 149
124 190
124 191
126 211
126 196
21 126
27 126
126 157
126 218
30 126
33 126
126 199
126 219
126 231
126 201
126 214
126 167
126 235
74 126
76 126
86 126
126 202
100 126
126 177
102 126
126 178
126 180
126 224
126 216
122 126
126 183
125 126
126 129
126 130
126 131
126 132
126 133
126 234
126 135
126 136
126 137
126 138
126 186
126 141
126 143
126 187
126 144
126 146
126 147
126 148
126 191
6 27
27 211
27 212
27 33
27 163
27 165
27 201
27 214
27 167
27 72
27 79
27 176
27 193
27 206
27 216
27 114
27 118
27 183
27 125
27 128
27 129
27 131
27 185
27 135
27 136
27 137
27 139
27 140
27 143
27 187
27 191
128 151
11 128
128 212
66 128
80 128
86 128
88 128
128 175
100 128
120 128
125 128
128 130
128 131
128 133
128 135
128 137
128 143
128 144
128 145
128 146
128 191
130 150
2 130
130 196
21 130
130 157
130 199
130 167
72 130
74 130
130 169
130 221
130 222
130 223
130 180
130 224
118 130
130 183
130 131
130 132
130 185
130 234
130 217
130 135
130 136
130 138
130 140
130 141
130 143
130 187
130 227
130 228
130 144
130 145
130 146
130 148
130 190
131 150
2 131
131 210
18 131
131 211
21 131
131 212
33 131
131 161
47 131
131 163
131 165
131 201
131 167
131 235
74 131
76 131
131 169
100 131
131 221
131 203
102 131
131 179
131 223
131 204
131 224
131 225
118 131
122 131
131 184
131 133
131 234
131 134
131 137
131 140
131 143
131 144
131 149
131 191
5 132
6 132
132 158
132 199
132 163
132 165
55 132
132 167
132 169
100 132
132 183
125 132
132 143
132 187
132 146
132 148
92 129
129 194
125 129
129 135
129 137
129 143
129 144
110 150
4 110
5 110
8 110
21 110
110 197
23 110
110 156
27 110
28 110
33 110
41 110
42 110
110 199
110 164
52 110
110 232
110 167
57 110
70 110
110 169
81 110
85 110
110 176
110 180
110 224
110 120
110 121
110 122
110 236
110 127
110 130
110 184
110 133
110 135
110 186
110 140
110 144
110 145
4 133
6 133
21 133
30 133
33 133
133 163
133 232
133 167
133 235
133 220
133 202
100 133
133 222
133 203
133 179
133 180
133 204
133 224
125 133
133 236
133 137
133 139
133 141
133 187
133 144
133 189
133 148
133 149
133 190
133 191
141 195
141 155
18 141
19 141
21 141
24 141
34 141
141 160
51 141
141 201
141 233
62 141
72 141
83 141
141 170
86 141
141 173
141 174
141 176
95 141
100 141
103 141
141 180
113 141
141 182
116 141
118 141
120 141
122 141
125 141
127 141
128 141
141 184
141 185
136 141
137 141
138 141
141 226
141 186
141 144
141 188
141 191
6 185
18 185
21 185
22 185
185 212
157 185
30 185
158 185
185 213
185 201
185 192
185 235
56 185
72 185
85 185
92 185
95 185
102 185
185 205
113 185
120 185
122 185
183 185
128 185
134 185
135 185
136 185
185 186
140 185
143 185
185 187
185 237
144 185
146 185
149 185
134 150
3 134
4 134
6 134
11 134
13 134
134 210
134 211
134 196
21 134
24 134
134 212
30 134
134 161
47 134
49 134
55 134
61 134
70 134
74 134
76 134
134 174
134 176
134 202
110 134
134 181
134 224
134 225
134 194
134 236
127 134
129 134
134 136
134 137
134 139
134 140
134 143
134 187
134 237
134 144
134 145
134 148
134 191
155 217
19 217
49 217
112 217
120 217
143 217
144 217
5 136
136 195
19 136
23 136
26 136
33 136
136 158
136 164
136 165
136 232
62 136
67 136
74 136
76 136
79 136
100 136
136 177
118 136
136 183
135 136
136 137
136 138
136 139
136 186
136 140
136 143
136 187
136 144
136 145
136 189
136 146
136 190
137 150
4 137
5 137
6 137
137 211
137 196
137 212
137 218
30 137
33 137
137 213
137 161
137 231
47 137
137 232
137 235
62 137
137 168
137 220
100 137
137 221
137 203
137 179
137 223
137 225
118 137
122 137
137 139
137 186
137 143
137 237
137 144
137 148
137 190
139 167
139 144
139 146
135 150
6 135
135 151
19 135
135 196
21 135
135 157
33 135
135 161
135 199
135 232
79 135
135 176
135 202
100 135
135 180
135 206
135 216
122 135
135 183
125 135
135 138
135 186
135 140
135 143
135 187
135 144
135 145
135 189
135 146
135 229
135 191
4 186
186 195
156 186
157 186
30 186
158 186
163 186
49 186
166 186
74 186
168 186
88 186
176 186
186 202
104 186
186 216
118 186
125 186
186 234
139 186
140 186
186 187
144 186
145 186
148 186
149 186
186 190
4 140
140 195
140 212
32 140
33 140
140 158
140 159
140 161
52 140
140 168
140 169
140 176
140 202
140 179
140 180
140 216
114 140
118 140
140 183
139 140
140 226
140 188
140 145
140 189
140 146
140 191
25 226
202 226
122 226
143 226
144 226
4 143
18 143
143 211
143 196
21 143
143 157
33 143
143 165
143 201
143 167
143 235
62 143
72 143
74 143
76 143
143 168
79 143
143 220
143 176
143 221
102 143
143 179
143 223
143 180
143 204
143 224
143 216
118 143
122 143
143 183
138 143
139 143
143 187
143 144
143 189
143 146
143 149
150 187
1 187
4 187
5 187
6 187
187 209
18 187
19 187
26 187
187 218
30 187
33 187
187 213
187 219
52 187
166 187
76 187
168 187
169 187
187 220
176 187
104 187
180 187
105 187
187 216
118 187
183 187
187 234
145 187
146 187
187 229
149 187
145 150
145 211
30 145
145 161
145 167
72 145
145 168
145 169
145 176
145 203
145 178
145 179
117 145
118 145
145 237
145 188
144 150
18 144
144 211
144 196
144 212
144 157
33 144
144 158
144 219
47 144
144 167
144 235
62 144
74 144
144 169
79 144
144 220
144 176
100 144
144 222
144 180
144 224
144 194
118 144
122 144
144 183
125 144
144 184
138 144
144 146
144 191
6 122
122 211
122 196
30 122
122 219
122 167
62 122
72 122
74 122
122 168
79 122
92 122
118 122
122 125
122 236
122 184
122 234
122 139
122 189
122 146
122 148
122 190
146 150
4 146
6 146
146 156
146 157
33 146
55 146
62 146
146 169
85 146
146 177
146 207
146 224
114 146
146 188
146 149
146 191
148 195
14 148
148 209
148 196
24 148
148 156
42 148
148 199
148 200
48 148
148 214
148 233
72 148
74 148
148 169
86 148
100 148
148 179
110 148
113 148
148 182
148 194
117 148
148 183
125 148
148 227
148 188
145 148
148 189
148 229
148 190
148 191
4 147
12 147
14 147
27 147
31 147
34 147
57 147
58 147
59 147
61 147
66 147
68 147
77 147
83 147
147 171
101 147
106 147
116 147
123 147
130 147
142 147
