204
1 3
1 5
1 6
1 7
1 9
1 10
1 11
1 13
1 14
1 15
1 16
1 20
1 21
1 23
1 24
1 25
1 26
1 28
1 30
1 31
1 32
1 36
1 37
1 38
1 39
1 40
1 42
1 44
1 46
1 47
1 50
1 53
1 54
1 55
1 59
1 60
1 62
1 63
1 66
1 67
1 68
1 76
1 77
1 78
1 79
1 84
1 85
1 86
1 88
1 90
1 91
1 92
1 93
1 94
1 96
1 98
1 100
1 101
1 102
1 104
1 105
1 108
1 109
1 110
1 111
1 115
1 116
1 118
1 121
1 125
1 126
1 128
1 129
1 131
1 132
1 134
1 136
1 137
1 138
1 139
1 141
1 144
1 145
2 6
2 7
2 8
2 9
2 14
2 23
2 24
2 25
2 26
2 27
2 29
2 30
2 150
2 151
2 38
2 40
2 41
2 42
2 44
2 152
2 47
2 48
2 49
2 50
2 153
2 54
2 58
2 60
2 61
2 62
2 64
2 69
2 70
2 73
2 74
2 76
2 81
2 157
2 82
2 83
2 84
2 85
2 86
2 87
2 158
2 96
2 98
2 160
2 105
2 107
2 111
2 114
2 162
2 117
2 119
2 121
2 126
2 127
2 128
2 129
2 138
2 140
2 141
2 142
2 143
2 146
2 147
5 8
5 10
5 17
5 18
5 22
5 26
5 30
5 166
5 31
5 150
5 39
5 40
5 42
5 46
5 50
5 52
5 54
5 55
5 56
5 59
5 60
5 155
5 63
5 65
5 66
5 67
5 73
5 78
5 85
5 168
5 90
5 91
5 159
5 97
5 99
5 102
5 105
5 106
5 107
5 108
5 111
5 112
5 113
5 162
5 118
5 119
5 120
5 125
5 126
5 128
5 131
5 135
5 138
5 139
5 144
3 6
4 6
6 11
6 14
6 17
6 22
6 149
6 29
6 30
6 150
6 151
6 34
6 35
6 36
6 37
6 41
6 43
6 48
6 49
6 50
6 52
6 55
6 61
6 155
6 167
6 63
6 64
6 66
6 67
6 69
6 70
6 74
6 156
6 75
6 77
6 79
6 80
6 157
6 83
6 86
6 89
6 172
6 92
6 96
6 97
6 98
6 175
6 107
6 176
6 111
6 114
6 116
6 117
6 120
6 177
6 163
6 124
6 127
6 128
6 131
6 136
6 138
6 140
6 178
6 141
6 143
17 93
26 93
31 93
73 93
86 93
87 93
92 93
93 159
93 104
93 125
93 139
7 148
7 9
7 10
7 13
7 15
7 18
7 19
7 20
7 21
7 22
7 24
7 25
7 27
7 149
7 29
7 166
7 31
7 150
7 32
7 151
7 33
7 35
7 39
7 42
7 44
7 45
7 48
7 49
7 50
7 181
7 153
7 54
7 58
7 59
7 64
7 65
7 66
7 67
7 69
7 70
7 71
7 73
7 74
7 78
7 79
7 80
7 157
7 82
7 83
7 92
7 94
7 96
7 97
7 183
7 184
7 100
7 160
7 101
7 102
7 103
7 104
7 185
7 106
7 107
7 109
7 176
7 110
7 111
7 112
7 169
7 113
7 116
7 118
7 177
7 122
7 123
7 124
7 188
7 126
7 128
7 189
7 135
7 136
7 137
7 138
7 140
7 190
7 141
7 142
7 143
7 165
3 8
8 10
8 11
8 13
8 15
8 17
8 18
8 21
8 22
8 24
8 26
8 27
8 149
8 180
8 32
8 34
8 35
8 36
8 40
8 41
8 43
8 44
8 191
8 47
8 48
8 49
8 50
8 51
8 153
8 53
8 54
8 55
8 182
8 56
8 59
8 61
8 62
8 68
8 69
8 70
8 71
8 72
8 156
8 75
8 76
8 79
8 80
8 89
8 158
8 91
8 172
8 192
8 193
8 95
8 96
8 98
8 183
8 100
8 103
8 104
8 107
8 186
8 108
8 109
8 195
8 110
8 111
8 113
8 115
8 116
8 118
8 120
8 163
8 124
8 188
8 125
8 126
8 130
8 189
8 134
8 135
8 138
8 140
8 141
8 142
8 143
8 164
8 147
3 10
10 148
9 10
10 12
10 15
10 16
10 18
10 20
10 24
10 25
10 26
10 149
10 30
10 180
10 36
10 37
10 39
10 40
10 45
10 48
10 49
10 52
10 53
10 54
10 56
10 58
10 60
10 62
10 155
10 63
10 64
10 67
10 69
10 71
10 72
10 76
10 157
10 83
10 84
10 85
10 87
10 91
10 172
10 93
10 192
10 94
10 96
10 99
10 104
10 105
10 185
10 107
10 109
10 110
10 169
10 113
10 161
10 115
10 116
10 162
10 118
10 120
10 123
10 124
10 125
10 126
10 127
10 133
10 136
10 141
10 143
10 144
11 179
4 11
11 148
9 11
11 12
11 14
11 15
11 17
11 171
11 22
11 24
11 25
11 26
11 28
11 149
11 30
11 166
11 180
11 150
11 32
11 41
11 43
11 44
11 46
11 191
11 196
11 48
11 50
11 51
11 52
11 53
11 54
11 57
11 58
11 59
11 60
11 61
11 62
11 167
11 63
11 68
11 69
11 70
11 71
11 74
11 75
11 79
11 82
11 83
11 86
11 90
11 158
11 92
11 192
11 96
11 98
11 184
11 174
11 100
11 160
11 175
11 102
11 103
11 104
11 107
11 108
11 176
11 169
11 187
11 121
11 122
11 163
11 124
11 125
11 127
11 128
11 129
11 130
11 189
11 133
11 135
11 136
11 137
11 139
11 140
11 190
11 170
11 141
11 143
11 146
11 147
9 18
13 18
18 20
18 26
18 28
18 30
18 31
18 35
18 36
18 37
18 41
18 42
18 43
18 52
18 53
18 55
18 56
18 58
18 155
18 63
18 64
18 65
18 68
18 71
18 72
18 74
18 82
18 90
18 158
18 192
18 94
18 99
18 101
18 102
18 104
18 105
18 107
18 112
18 113
18 119
18 121
18 125
18 126
18 129
18 136
18 138
18 139
38 148
13 38
17 38
22 38
25 38
26 38
27 38
29 38
38 151
34 38
38 39
38 41
38 49
38 51
38 53
38 55
38 56
38 62
38 155
38 63
38 65
38 66
38 67
38 68
38 69
38 71
38 72
38 73
38 75
38 76
38 77
38 87
38 90
38 92
38 94
38 95
38 184
38 100
38 101
38 102
38 185
38 106
38 109
38 176
38 111
38 120
38 177
38 121
38 122
38 123
38 124
38 126
38 131
38 132
38 136
38 141
38 143
3 12
9 12
12 13
12 14
12 15
12 23
12 28
12 31
12 150
12 151
12 35
12 37
12 40
12 41
12 43
12 49
12 50
12 52
12 53
12 56
12 62
12 155
12 63
12 66
12 67
12 68
12 69
12 71
12 73
12 74
12 79
12 80
12 81
12 83
12 85
12 88
12 168
12 90
12 172
12 92
12 159
12 94
12 95
12 99
12 102
12 106
12 108
12 113
12 115
12 117
12 119
12 125
12 127
12 128
12 133
12 135
12 137
12 140
12 144
4 13
13 148
9 13
13 14
13 15
13 21
13 22
13 24
13 25
13 26
13 27
13 29
13 30
13 166
13 32
13 151
13 36
13 37
13 39
13 40
13 47
13 51
13 52
13 53
13 55
13 182
13 56
13 61
13 62
13 155
13 167
13 63
13 65
13 69
13 72
13 74
13 156
13 75
13 77
13 78
13 80
13 84
13 85
13 87
13 88
13 89
13 158
13 91
13 92
13 93
13 94
13 97
13 98
13 183
13 99
13 100
13 103
13 104
13 195
13 112
13 161
13 115
13 116
13 118
13 119
13 120
13 121
13 122
13 124
13 125
13 127
13 128
13 130
13 131
13 132
13 133
13 134
13 138
13 140
13 141
13 143
13 144
13 146
14 15
14 17
14 18
14 20
14 21
14 24
14 31
14 32
14 151
14 33
14 35
14 36
14 37
14 39
14 40
14 43
14 46
14 191
14 47
14 196
14 48
14 49
14 197
14 51
14 154
14 182
14 62
14 64
14 67
14 69
14 71
14 72
14 75
14 76
14 77
14 78
14 157
14 85
14 86
14 158
14 91
14 92
14 98
14 183
14 104
14 185
14 107
14 176
14 195
14 116
14 162
14 118
14 122
14 123
14 126
14 127
14 130
14 131
14 135
14 136
14 138
14 141
14 144
14 165
3 15
4 15
15 18
15 25
15 28
15 30
15 31
15 35
15 37
15 39
15 45
15 48
15 56
15 65
15 73
15 156
15 76
15 82
15 86
15 91
15 92
15 159
15 97
15 98
15 100
15 107
15 108
15 109
15 116
15 162
15 120
15 122
15 123
15 125
15 126
15 127
15 128
15 129
15 133
15 135
15 139
15 140
15 141
15 143
4 17
17 148
17 171
17 21
17 23
17 24
17 26
17 180
17 31
17 150
17 151
17 34
17 36
17 39
17 42
17 44
17 45
17 152
17 191
17 48
17 50
17 51
17 153
17 182
17 56
17 57
17 60
17 155
17 63
17 66
17 67
17 68
17 73
17 156
17 75
17 76
17 77
17 78
17 80
17 157
17 83
17 86
17 168
17 158
17 91
17 92
17 94
17 173
17 95
17 97
17 183
17 184
17 99
17 174
17 160
17 101
17 175
17 103
17 104
17 106
17 186
17 109
17 195
17 110
17 169
17 113
17 114
17 119
17 120
17 177
17 123
17 124
17 188
17 125
17 126
17 189
17 134
17 135
17 136
17 137
17 140
17 141
17 144
17 164
17 165
2 21
9 21
21 171
21 23
21 25
21 26
21 30
21 31
21 35
21 37
21 42
21 49
21 50
21 153
21 54
21 64
21 67
21 68
21 70
21 71
21 73
21 76
21 79
21 80
21 81
21 157
21 90
21 158
21 172
21 159
21 95
21 98
21 99
21 100
21 105
21 106
21 107
21 109
21 115
21 117
21 118
21 120
21 177
21 127
21 129
21 132
21 136
21 139
21 140
21 147
22 23
22 24
22 26
22 28
22 149
22 31
22 150
22 32
22 151
22 33
22 34
22 35
22 39
22 40
22 43
22 44
22 191
22 48
22 50
22 197
22 154
22 54
22 59
22 155
22 63
22 67
22 72
22 73
22 156
22 75
22 77
22 81
22 82
22 85
22 86
22 87
22 88
22 89
22 158
22 172
22 92
22 192
22 94
22 95
22 96
22 174
22 100
22 101
22 105
22 107
22 186
22 109
22 111
22 169
22 115
22 116
22 117
22 118
22 121
22 163
22 124
22 129
22 133
22 136
22 138
22 140
22 190
22 143
22 144
22 146
22 165
22 147
3 142
142 148
10 142
19 142
23 142
24 142
25 142
27 142
142 149
32 142
34 142
36 142
37 142
44 142
45 142
142 152
50 142
51 142
142 153
53 142
60 142
66 142
72 142
73 142
77 142
82 142
83 142
84 142
88 142
90 142
95 142
98 142
99 142
105 142
142 185
107 142
108 142
113 142
117 142
124 142
127 142
131 142
133 142
135 142
138 142
142 144
142 165
3 23
4 23
14 23
23 25
23 26
23 28
23 29
23 31
23 150
23 39
23 42
23 44
23 49
23 50
23 51
23 52
23 153
23 54
23 61
23 65
23 69
23 70
23 81
23 157
23 82
23 84
23 85
23 86
23 158
23 96
23 98
23 99
23 106
23 107
23 108
23 109
23 176
23 119
23 122
23 124
23 126
23 130
23 138
23 140
23 141
23 147
27 148
15 27
25 27
26 27
27 36
27 39
27 42
27 49
27 50
27 181
27 53
27 54
27 56
27 60
27 68
27 69
27 74
27 76
27 78
27 80
27 83
27 84
27 85
27 86
27 90
27 94
27 98
27 99
27 104
27 105
27 186
27 161
27 115
27 118
27 119
27 121
27 123
27 128
27 129
27 132
27 135
27 139
27 143
27 147
4 25
5 25
25 28
25 29
25 30
25 31
25 33
25 34
25 39
25 40
25 41
25 42
25 43
25 49
25 181
25 197
25 153
25 56
25 58
25 60
25 66
25 68
25 71
25 72
25 73
25 156
25 75
25 76
25 80
25 81
25 85
25 86
25 88
25 158
25 91
25 172
25 159
25 95
25 96
25 98
25 183
25 100
25 105
25 106
25 186
25 108
25 110
25 187
25 162
25 117
25 123
25 124
25 126
25 127
25 131
25 132
25 139
25 141
25 144
25 164
25 165
9 26
26 171
20 26
26 30
26 166
26 31
26 32
26 151
26 33
26 34
26 36
26 40
26 42
26 43
26 152
26 46
26 48
26 49
26 50
26 197
26 58
26 59
26 61
26 198
26 63
26 65
26 72
26 74
26 75
26 76
26 77
26 79
26 157
26 83
26 86
26 87
26 168
26 91
26 159
26 192
26 193
26 95
26 98
26 183
26 102
26 104
26 106
26 107
26 186
26 108
26 110
26 111
26 116
26 117
26 119
26 123
26 125
26 128
26 131
26 133
26 138
26 139
26 141
26 143
26 144
4 149
20 149
32 149
37 149
44 149
45 149
50 149
53 149
54 149
58 149
149 155
65 149
66 149
69 149
71 149
72 149
73 149
79 149
82 149
84 149
87 149
91 149
92 149
94 149
108 149
109 149
115 149
116 149
123 149
125 149
127 149
129 149
132 149
133 149
135 149
141 149
149 165
9 30
20 30
30 31
30 150
30 33
30 34
30 36
30 37
30 39
30 40
30 41
30 42
30 44
30 48
30 52
30 53
30 54
30 55
30 56
30 65
30 66
30 68
30 69
30 73
30 74
30 75
30 76
30 77
30 80
30 81
30 157
30 84
30 88
30 168
30 90
30 158
30 92
30 93
30 95
30 96
30 174
30 160
30 101
30 102
30 104
30 106
30 107
30 108
30 109
30 176
30 111
30 112
30 169
30 116
30 162
30 117
30 119
30 177
30 122
30 123
30 124
30 126
30 127
30 129
30 189
30 131
30 135
30 136
30 137
30 138
30 139
30 141
30 143
30 164
30 147
4 64
64 148
9 64
29 64
32 64
64 151
34 64
36 64
37 64
39 64
41 64
43 64
44 64
48 64
49 64
50 64
64 153
53 64
54 64
64 182
57 64
58 64
59 64
60 64
64 65
64 66
64 69
64 70
64 71
64 72
64 73
64 77
64 78
64 79
64 81
64 157
64 82
64 201
64 84
64 85
64 86
64 87
64 88
64 173
64 96
64 98
64 99
64 100
64 102
64 103
64 104
64 105
64 106
64 186
64 108
64 109
64 176
64 116
64 162
64 119
64 163
64 127
64 128
64 130
64 137
64 138
64 140
64 141
64 144
64 164
64 146
80 171
20 80
24 80
80 150
35 80
36 80
39 80
41 80
42 80
46 80
80 154
53 80
80 182
68 80
70 80
74 80
80 157
80 83
80 84
80 86
80 87
80 88
80 91
80 94
80 95
80 96
80 98
80 99
80 102
80 106
80 107
80 108
80 109
80 116
80 118
80 119
80 120
80 121
80 127
80 128
80 138
80 140
80 143
3 31
31 148
9 31
31 171
20 31
24 31
29 31
31 180
31 32
31 33
31 34
31 35
31 36
31 39
31 40
31 41
31 42
31 43
31 44
31 152
31 48
31 49
31 52
31 153
31 154
31 53
31 56
31 61
31 62
31 63
31 65
31 70
31 71
31 72
31 73
31 74
31 156
31 75
31 79
31 81
31 82
31 87
31 90
31 158
31 91
31 92
31 159
31 193
31 95
31 183
31 99
31 174
31 160
31 175
31 102
31 103
31 104
31 105
31 106
31 107
31 108
31 109
31 176
31 112
31 169
31 114
31 161
31 115
31 162
31 118
31 119
31 121
31 122
31 124
31 125
31 126
31 127
31 128
31 129
31 130
31 133
31 134
31 136
31 137
31 140
31 141
31 145
31 164
31 165
31 147
34 179
4 34
34 148
9 34
16 34
20 34
23 34
34 149
29 34
34 180
32 34
34 151
34 35
34 36
34 37
34 41
34 42
34 43
34 51
34 154
34 53
34 54
34 182
34 56
34 57
34 60
34 155
34 198
34 65
34 67
34 71
34 74
34 75
34 76
34 77
34 78
34 79
34 157
34 82
34 83
34 85
34 172
34 192
34 94
34 95
34 174
34 100
34 101
34 104
34 186
34 108
34 109
34 110
34 111
34 114
34 115
34 177
34 121
34 124
34 125
34 127
34 129
34 131
34 132
34 133
34 136
34 137
34 138
34 139
34 140
34 141
34 143
34 144
34 145
35 148
19 35
35 171
20 35
27 35
28 35
29 35
32 35
35 37
35 39
35 40
35 42
35 45
35 152
35 50
35 181
35 52
35 60
35 61
35 62
35 155
35 65
35 66
35 67
35 68
35 69
35 71
35 72
35 73
35 75
35 76
35 77
35 79
35 81
35 157
35 83
35 84
35 85
35 88
35 89
35 91
35 92
35 159
35 192
35 94
35 97
35 98
35 199
35 99
35 103
35 105
35 106
35 108
35 176
35 113
35 114
35 116
35 117
35 118
35 119
35 120
35 177
35 121
35 122
35 124
35 125
35 128
35 129
35 130
35 189
35 131
35 132
35 139
35 190
35 141
35 143
35 144
35 164
35 146
35 165
37 179
3 37
37 148
9 37
37 171
23 37
24 37
37 180
37 150
33 37
36 37
37 40
37 42
37 43
37 44
37 45
37 191
37 47
37 196
37 49
37 181
37 197
37 51
37 52
37 153
37 53
37 54
37 55
37 182
37 56
37 57
37 61
37 167
37 66
37 67
37 68
37 69
37 70
37 74
37 156
37 76
37 77
37 79
37 157
37 83
37 84
37 85
37 87
37 88
37 172
37 159
37 93
37 192
37 94
37 173
37 95
37 96
37 199
37 183
37 184
37 100
37 160
37 101
37 175
37 102
37 104
37 105
37 186
37 176
37 195
37 169
37 113
37 114
37 115
37 162
37 117
37 119
37 120
37 123
37 163
37 124
37 125
37 130
37 131
37 133
37 139
37 140
37 141
37 144
37 145
37 164
37 146
37 165
37 147
3 39
9 39
19 39
20 39
28 39
29 39
39 166
32 39
39 42
39 43
39 152
39 46
39 48
39 181
39 153
39 53
39 54
39 55
39 57
39 59
39 62
39 155
39 66
39 68
39 70
39 72
39 156
39 75
39 76
39 77
39 81
39 157
39 83
39 84
39 85
39 86
39 88
39 89
39 168
39 90
39 91
39 92
39 192
39 193
39 94
39 95
39 96
39 97
39 98
39 99
39 174
39 100
39 160
39 103
39 106
39 107
39 186
39 108
39 195
39 169
39 187
39 114
39 161
39 116
39 119
39 120
39 177
39 121
39 122
39 123
39 188
39 125
39 126
39 130
39 189
39 131
39 133
39 136
39 145
39 146
39 165
9 41
24 41
27 41
41 180
40 41
41 46
41 49
41 153
41 154
41 53
41 57
41 59
41 62
41 67
41 69
41 70
41 156
41 75
41 81
41 83
41 86
41 89
41 90
41 159
41 93
41 94
41 173
41 95
41 96
41 184
41 99
41 101
41 186
41 109
41 111
41 187
41 161
41 115
41 116
41 117
41 122
41 123
41 124
41 125
41 126
41 130
41 131
41 133
41 136
41 138
41 139
41 140
41 141
41 143
41 144
41 164
41 165
41 147
4 42
42 148
42 171
20 42
42 166
42 150
32 42
36 42
40 42
42 44
42 152
42 46
42 50
42 181
42 154
42 53
42 182
42 56
42 59
42 60
42 62
42 155
42 167
42 63
42 65
42 66
42 68
42 70
42 71
42 75
42 76
42 77
42 79
42 81
42 82
42 83
42 84
42 89
42 91
42 172
42 94
42 173
42 97
42 98
42 101
42 103
42 104
42 107
42 108
42 109
42 195
42 169
42 113
42 114
42 161
42 115
42 116
42 117
42 118
42 120
42 177
42 125
42 126
42 127
42 128
42 132
42 135
42 139
42 140
42 143
42 144
42 164
138 150
32 138
138 151
36 138
43 138
44 138
138 152
46 138
49 138
51 138
52 138
138 154
53 138
55 138
138 155
67 138
70 138
72 138
73 138
79 138
138 157
82 138
83 138
84 138
85 138
87 138
138 168
138 158
91 138
138 200
95 138
96 138
97 138
98 138
138 199
103 138
106 138
109 138
138 176
114 138
116 138
138 162
117 138
120 138
138 177
121 138
122 138
123 138
124 138
125 138
128 138
136 138
138 139
138 140
138 143
138 144
138 164
138 146
138 165
43 148
20 43
21 43
23 43
28 43
43 149
40 43
43 181
43 53
43 56
43 59
43 60
43 69
43 70
43 71
43 72
43 74
43 156
43 75
43 79
43 157
43 85
43 86
43 87
43 158
43 91
43 92
43 93
43 94
43 96
43 97
43 175
43 102
43 105
43 106
43 107
43 108
43 109
43 110
43 111
43 169
43 113
43 114
43 161
43 115
43 116
43 117
43 119
43 120
43 177
43 124
43 125
43 128
43 133
43 140
43 141
43 165
4 46
9 46
24 46
46 149
29 46
46 150
32 46
40 46
45 46
46 152
46 196
46 48
46 49
46 181
46 153
46 53
46 56
46 58
46 59
46 61
46 65
46 66
46 67
46 68
46 69
46 70
46 71
46 73
46 156
46 75
46 78
46 79
46 81
46 157
46 83
46 91
46 192
46 97
46 199
46 184
46 99
46 175
46 102
46 103
46 104
46 105
46 106
46 107
46 195
46 111
46 169
46 114
46 162
46 118
46 119
46 121
46 163
46 125
46 126
46 127
46 128
46 132
46 133
46 134
46 137
46 139
46 140
46 165
46 147
29 45
45 150
45 151
36 45
44 45
45 49
45 50
45 181
45 52
45 153
45 56
45 60
45 61
45 167
45 67
45 68
45 69
45 71
45 72
45 156
45 75
45 76
45 81
45 157
45 83
45 85
45 87
45 158
45 91
45 97
45 98
45 102
45 105
45 106
45 108
45 176
45 115
45 118
45 119
45 122
45 124
45 125
45 126
45 189
45 132
45 133
45 135
45 137
45 144
45 146
1 203
179 203
2 203
3 203
4 203
5 203
7 203
9 203
12 203
14 203
15 203
17 203
18 203
19 203
171 203
20 203
21 203
23 203
26 203
28 203
149 203
29 203
166 203
32 203
36 203
41 203
42 203
45 203
152 203
191 203
47 203
48 203
181 203
154 203
54 203
55 203
182 203
60 203
61 203
155 203
64 203
70 203
72 203
73 203
74 203
76 203
80 203
157 203
82 203
86 203
87 203
88 203
90 203
91 203
93 203
192 203
193 203
94 203
96 203
97 203
98 203
199 203
184 203
99 203
174 203
100 203
101 203
102 203
103 203
104 203
109 203
176 203
111 203
112 203
169 203
187 203
161 203
116 203
162 203
119 203
121 203
124 203
188 203
125 203
128 203
189 203
131 203
134 203
136 203
137 203
170 203
141 203
142 203
144 203
164 203
146 203
147 203
48 179
3 48
4 48
18 48
19 48
24 48
25 48
27 48
28 48
48 166
40 48
45 48
48 49
48 50
48 52
48 153
48 53
48 59
48 61
48 63
48 67
48 68
48 70
48 71
48 73
48 74
48 76
48 78
48 81
48 82
48 158
48 173
48 96
48 97
48 183
48 160
48 101
48 102
48 104
48 110
48 118
48 119
48 121
48 126
48 128
48 129
48 130
48 133
48 135
48 139
48 141
48 144
49 179
3 49
49 148
9 49
16 49
19 49
24 49
28 49
49 166
49 180
49 151
36 49
44 49
49 191
49 181
49 197
49 51
49 182
49 155
49 167
49 67
49 68
49 71
49 72
49 73
49 74
49 156
49 75
49 77
49 81
49 83
49 84
49 85
49 86
49 87
49 88
49 158
49 159
49 93
49 192
49 95
49 97
49 99
49 174
49 160
49 101
49 175
49 103
49 106
49 112
49 169
49 187
49 113
49 114
49 115
49 162
49 117
49 118
49 120
49 121
49 122
49 163
49 124
49 126
49 127
49 128
49 129
49 189
49 136
49 137
49 190
49 145
49 146
49 147
50 179
3 50
4 50
50 148
16 50
19 50
50 171
20 50
28 50
29 50
50 166
50 150
50 151
33 50
44 50
50 191
50 51
50 52
50 153
50 154
50 53
50 56
50 60
50 62
50 65
50 66
50 68
50 72
50 76
50 78
50 81
50 85
50 86
50 89
50 168
50 90
50 158
50 92
50 159
50 192
50 193
50 95
50 96
50 98
50 183
50 99
50 100
50 175
50 102
50 185
50 186
50 108
50 195
50 111
50 112
50 169
50 113
50 114
50 116
50 118
50 120
50 177
50 122
50 123
50 188
50 125
50 128
50 129
50 189
50 131
50 134
50 135
50 136
50 137
50 139
50 140
50 141
50 144
50 145
50 164
50 146
50 165
14 153
32 153
56 153
63 153
65 153
67 153
69 153
75 153
79 153
83 153
90 153
153 158
153 172
96 153
99 153
105 153
106 153
153 186
108 153
115 153
119 153
120 153
121 153
124 153
126 153
136 153
143 153
144 153
153 165
147 153
4 53
9 53
53 171
24 53
32 53
53 151
33 53
40 53
53 191
47 53
53 181
51 53
53 55
53 182
53 56
53 59
53 61
53 63
53 65
53 68
53 69
53 73
53 74
53 78
53 79
53 81
53 82
53 83
53 84
53 85
53 86
53 87
53 88
53 158
53 172
53 92
53 159
53 97
53 98
53 183
53 184
53 194
53 99
53 100
53 101
53 104
53 185
53 106
53 107
53 108
53 109
53 111
53 112
53 187
53 114
53 161
53 116
53 162
53 117
53 118
53 119
53 123
53 163
53 188
53 125
53 127
53 128
53 129
53 130
53 189
53 131
53 132
53 133
53 136
53 137
53 139
53 140
53 190
53 141
53 143
53 144
53 164
3 54
9 54
19 54
24 54
29 54
54 56
54 60
54 61
54 155
54 65
54 66
54 69
54 70
54 71
54 74
54 156
54 75
54 76
54 78
54 157
54 85
54 87
54 88
54 158
54 91
54 92
54 93
54 96
54 97
54 98
54 99
54 102
54 105
54 106
54 108
54 109
54 176
54 114
54 161
54 116
54 162
54 124
54 125
54 126
54 129
54 131
54 132
54 135
54 136
54 140
54 143
54 146
54 147
28 56
29 56
56 166
33 56
36 56
56 191
56 181
51 56
55 56
56 182
56 57
56 58
56 59
56 61
56 62
56 155
56 67
56 69
56 70
56 71
56 72
56 73
56 74
56 156
56 75
56 77
56 157
56 82
56 84
56 85
56 90
56 158
56 91
56 159
56 193
56 173
56 96
56 183
56 99
56 100
56 102
56 103
56 104
56 107
56 186
56 108
56 195
56 113
56 161
56 115
56 116
56 117
56 177
56 121
56 122
56 163
56 124
56 125
56 126
56 128
56 132
56 134
56 135
56 139
56 143
56 145
56 165
6 57
7 57
9 57
12 57
22 57
57 180
35 57
36 57
42 57
43 57
57 191
47 57
51 57
57 154
57 67
57 72
57 74
57 78
57 81
57 85
57 87
57 88
57 90
57 91
57 92
57 95
57 96
57 102
57 105
57 107
57 108
57 116
57 118
57 119
57 120
57 127
57 128
57 136
57 137
57 138
57 139
57 142
57 164
57 165
3 60
4 60
9 60
20 60
24 60
28 60
60 151
33 60
36 60
40 60
44 60
47 60
60 61
60 62
60 155
60 167
60 63
60 68
60 70
60 71
60 72
60 77
60 78
60 79
60 81
60 85
60 86
60 87
60 168
60 90
60 91
60 93
60 94
60 95
60 102
60 105
60 106
60 107
60 109
60 111
60 112
60 169
60 113
60 161
60 115
60 116
60 162
60 118
60 119
60 177
60 125
60 126
60 129
60 139
60 143
60 144
60 145
60 165
9 62
16 62
19 62
20 62
24 62
27 62
28 62
62 166
62 150
32 62
62 151
33 62
40 62
45 62
62 197
62 153
54 62
58 62
59 62
62 65
62 73
62 74
62 83
62 168
62 92
62 159
62 94
62 97
62 98
62 99
62 100
62 102
62 103
62 104
62 106
62 109
62 176
62 169
62 113
62 117
62 126
62 127
62 128
62 141
62 146
9 63
63 149
36 63
63 155
63 67
63 68
63 71
63 73
63 156
63 79
63 81
63 83
63 84
63 85
63 86
63 87
63 90
63 92
63 96
63 99
63 103
63 105
63 107
63 169
63 115
63 117
63 118
63 119
63 120
63 177
63 121
63 122
63 123
63 124
63 125
63 127
63 131
63 135
63 136
63 141
63 165
63 147
3 65
9 65
20 65
24 65
29 65
65 166
32 65
65 151
65 152
65 191
47 65
65 196
65 197
52 65
55 65
58 65
61 65
65 155
65 167
65 66
65 67
65 68
65 69
65 71
65 73
65 76
65 82
65 84
65 85
65 168
65 90
65 91
65 159
65 173
65 95
65 96
65 98
65 194
65 99
65 103
65 105
65 106
65 186
65 108
65 109
65 110
65 112
65 169
65 115
65 162
65 123
65 128
65 129
65 130
65 131
65 132
65 137
65 170
65 141
65 143
65 147
3 66
4 66
9 66
24 66
28 66
66 180
66 150
66 151
36 66
66 191
66 196
66 153
59 66
66 155
66 67
66 69
66 70
66 71
66 73
66 74
66 76
66 77
66 78
66 81
66 157
66 82
66 84
66 86
66 88
66 168
66 158
66 91
66 95
66 96
66 98
66 174
66 160
66 186
66 176
66 116
66 117
66 121
66 122
66 123
66 124
66 126
66 127
66 129
66 133
66 135
66 136
66 137
66 139
66 140
66 141
66 143
66 144
66 165
4 67
19 67
20 67
24 67
67 166
67 180
32 67
67 151
44 67
67 191
47 67
51 67
58 67
61 67
67 69
67 71
67 76
67 79
67 157
67 82
67 84
67 85
67 86
67 87
67 88
67 168
67 90
67 158
67 91
67 159
67 93
67 94
67 95
67 99
67 100
67 103
67 105
67 185
67 107
67 108
67 109
67 176
67 110
67 111
67 187
67 114
67 161
67 115
67 162
67 119
67 120
67 122
67 123
67 127
67 128
67 129
67 189
67 133
67 134
67 136
67 137
67 139
67 190
67 141
67 146
67 147
3 68
4 68
24 68
28 68
29 68
68 180
33 68
36 68
40 68
44 68
68 191
68 181
59 68
68 198
68 167
68 69
68 71
68 73
68 156
68 75
68 76
68 77
68 78
68 82
68 88
68 158
68 172
68 92
68 192
68 94
68 95
68 96
68 97
68 98
68 199
68 194
68 99
68 174
68 100
68 160
68 101
68 175
68 105
68 108
68 112
68 187
68 113
68 114
68 115
68 116
68 162
68 122
68 123
68 124
68 128
68 189
68 132
68 133
68 134
68 135
68 136
68 137
68 139
68 140
68 141
68 143
68 144
68 147
4 70
32 70
36 70
40 70
70 191
70 153
58 70
59 70
61 70
69 70
70 73
70 79
70 168
70 92
70 159
70 93
70 193
70 96
70 99
70 103
70 107
70 113
70 115
70 118
70 119
70 125
70 127
70 128
70 131
70 135
70 139
70 141
70 144
70 164
70 147
82 182
87 182
173 182
106 182
119 182
123 182
128 182
139 182
141 182
147 182
58 74
60 74
74 167
73 74
74 75
74 79
74 157
74 83
74 86
74 87
74 90
74 158
74 107
74 121
74 122
74 123
74 126
74 131
74 136
74 138
74 146
4 75
75 148
9 75
23 75
28 75
75 150
75 151
33 75
36 75
40 75
75 191
75 197
55 75
59 75
61 75
75 155
69 75
75 77
75 78
75 79
75 81
75 83
75 85
75 88
75 89
75 158
75 92
75 159
75 94
75 96
75 97
75 98
75 183
75 99
75 101
75 102
75 103
75 105
75 106
75 107
75 186
75 108
75 109
75 176
75 112
75 114
75 161
75 115
75 118
75 177
75 121
75 123
75 163
75 125
75 128
75 129
75 136
75 137
75 170
75 146
75 165
75 147
78 148
21 78
78 150
36 78
40 78
44 78
78 191
78 181
51 78
52 78
61 78
69 78
73 78
78 79
78 82
78 84
78 85
78 87
78 90
78 91
78 92
78 93
78 192
78 193
78 173
78 96
78 97
78 98
78 194
78 101
78 175
78 102
78 104
78 108
78 109
78 176
78 111
78 113
78 115
78 116
78 120
78 177
78 121
78 125
78 127
78 129
78 135
78 136
78 137
78 139
78 140
78 170
78 144
78 146
78 165
78 147
9 79
16 79
79 171
20 79
28 79
29 79
79 166
79 180
36 79
40 79
44 79
79 152
79 181
79 197
52 79
59 79
61 79
79 167
72 79
73 79
79 85
79 86
79 158
79 91
79 172
79 92
79 159
79 94
79 173
79 95
79 96
79 97
79 98
79 199
79 183
79 194
79 99
79 103
79 185
79 106
79 107
79 109
79 176
79 110
79 111
79 112
79 187
79 161
79 162
79 118
79 123
79 124
79 128
79 131
79 132
79 134
79 135
79 190
79 170
79 142
79 143
79 144
79 146
79 147
4 81
18 81
24 81
81 150
33 81
44 81
61 81
71 81
81 156
76 81
81 82
81 83
81 84
81 85
81 86
81 87
81 88
81 96
81 98
81 199
81 99
81 103
81 107
81 108
81 111
81 115
81 116
81 117
81 120
81 121
81 131
81 133
81 139
81 165
82 148
24 82
32 82
82 151
36 82
40 82
44 82
82 155
71 82
73 82
82 83
82 85
82 87
82 158
82 92
82 159
82 95
82 96
82 100
82 160
82 102
82 106
82 186
82 108
82 109
82 114
82 115
82 162
82 119
82 122
82 125
82 127
82 128
82 132
82 133
82 136
82 137
82 140
82 141
82 143
83 148
16 83
83 171
20 83
24 83
28 83
83 150
32 83
83 181
52 83
83 154
55 83
83 167
69 83
71 83
83 157
83 84
83 85
83 89
83 168
83 90
83 158
83 91
83 159
83 93
83 94
83 96
83 97
83 101
83 104
83 105
83 107
83 109
83 176
83 110
83 114
83 177
83 163
83 125
83 127
83 128
83 136
83 139
83 190
83 141
83 165
83 147
3 84
84 148
18 84
21 84
24 84
29 84
31 84
32 84
84 151
48 84
84 197
51 84
52 84
69 84
70 84
71 84
84 156
76 84
77 84
84 86
84 158
84 91
84 97
84 98
84 175
84 102
84 106
84 107
84 186
84 108
84 109
84 195
84 112
84 115
84 118
84 119
84 121
84 123
84 124
84 126
84 127
84 129
84 135
84 136
84 139
84 141
84 143
84 144
85 148
29 85
33 85
36 85
85 191
85 182
61 85
85 155
71 85
73 85
74 85
76 85
85 88
85 158
85 159
85 93
85 95
85 97
85 99
85 100
85 101
85 104
85 108
85 176
85 169
85 116
85 118
85 123
85 124
85 126
85 129
85 130
85 132
85 134
85 135
85 136
85 137
85 143
85 144
4 86
86 171
20 86
24 86
86 150
86 151
33 86
40 86
47 86
86 197
51 86
52 86
86 182
58 86
59 86
86 167
69 86
76 86
86 87
86 88
86 89
86 168
86 158
86 172
86 159
86 173
86 95
86 96
86 199
86 183
86 184
86 174
86 160
86 175
86 107
86 186
86 111
86 112
86 169
86 113
86 114
86 161
86 115
86 116
86 120
86 121
86 123
86 124
86 125
86 133
86 137
86 139
86 141
86 144
86 165
12 89
23 89
25 89
28 89
89 149
29 89
89 166
89 180
36 89
38 89
40 89
43 89
44 89
47 89
89 181
89 197
52 89
89 153
54 89
57 89
58 89
70 89
73 89
80 89
89 157
84 89
88 89
89 91
89 172
89 173
89 183
89 99
89 175
89 102
89 105
89 106
89 186
89 109
89 110
89 187
89 113
89 114
89 115
89 117
89 118
89 120
89 122
89 125
89 126
89 127
89 131
89 137
89 141
89 143
89 144
3 90
4 90
90 148
24 90
29 90
90 152
47 90
51 90
52 90
90 155
69 90
71 90
72 90
73 90
90 156
90 91
90 93
90 94
90 95
90 96
90 98
90 99
90 160
90 102
90 104
90 185
90 106
90 186
90 109
90 169
90 162
90 118
90 119
90 177
90 121
90 122
90 124
90 125
90 126
90 128
90 132
90 135
90 144
90 146
1 158
3 158
5 158
9 158
158 171
28 158
32 158
33 158
38 158
40 158
44 158
158 191
158 182
57 158
61 158
155 158
63 158
69 158
70 158
71 158
72 158
76 158
77 158
157 158
91 158
95 158
98 158
158 199
158 184
99 158
102 158
103 158
104 158
107 158
108 158
109 158
110 158
114 158
115 158
158 162
120 158
122 158
158 188
127 158
129 158
131 158
133 158
134 158
139 158
140 158
141 158
142 158
143 158
158 164
146 158
9 91
12 91
20 91
21 91
28 91
91 150
32 91
91 151
33 91
91 152
58 91
61 91
91 155
91 167
70 91
73 91
91 156
91 157
87 91
91 94
91 96
91 98
91 99
91 102
91 104
91 105
91 108
91 112
91 114
91 116
91 118
91 119
91 177
91 121
91 124
91 125
91 127
91 128
91 130
91 131
91 132
91 136
91 139
91 144
3 92
9 92
19 92
20 92
24 92
92 150
33 92
40 92
44 92
92 152
92 191
47 92
92 181
51 92
52 92
58 92
61 92
92 155
92 198
69 92
71 92
72 92
73 92
92 156
76 92
77 92
92 192
92 193
92 94
92 173
92 95
92 199
92 183
92 184
92 99
92 174
92 100
92 175
92 102
92 105
92 185
92 106
92 107
92 109
92 176
92 195
92 110
92 169
92 113
92 114
92 162
92 117
92 119
92 122
92 123
92 127
92 129
92 189
92 131
92 133
92 134
92 135
92 137
92 139
92 140
92 141
92 143
92 144
92 145
92 164
92 146
92 147
3 95
28 95
36 95
95 191
95 196
51 95
55 95
58 95
59 95
95 155
71 95
95 156
77 95
95 157
95 172
95 159
93 95
95 192
95 183
95 160
95 105
95 185
95 106
95 108
95 109
95 114
95 161
95 162
95 117
95 119
95 120
95 163
95 188
95 125
95 130
95 136
95 139
95 140
95 141
95 143
95 144
95 164
3 96
4 96
9 96
24 96
27 96
96 149
29 96
96 180
96 150
96 151
33 96
36 96
40 96
96 154
96 182
59 96
69 96
71 96
73 96
74 96
96 156
76 96
84 96
88 96
96 159
93 96
96 97
96 98
96 183
96 100
96 103
96 105
96 106
96 112
96 113
96 115
96 162
96 118
96 119
96 120
96 121
96 128
96 132
96 133
96 134
96 136
96 137
96 139
96 140
96 141
96 143
96 146
4 97
21 97
29 97
51 97
60 97
97 155
70 97
71 97
72 97
73 97
74 97
80 97
97 157
97 172
94 97
97 98
97 184
97 100
97 102
97 107
97 186
97 109
97 176
97 115
97 120
97 121
97 122
97 129
97 136
97 140
97 141
97 144
3 98
9 98
16 98
24 98
98 166
98 180
32 98
98 151
98 191
51 98
52 98
55 98
71 98
72 98
73 98
98 156
76 98
77 98
98 157
98 168
94 98
98 100
98 105
98 186
98 187
98 113
98 115
98 117
98 120
98 177
98 123
98 125
98 130
98 131
98 133
98 134
98 136
98 144
98 165
98 147
9 99
99 171
24 99
44 99
99 152
99 191
47 99
51 99
52 99
55 99
58 99
59 99
61 99
69 99
73 99
76 99
99 157
99 192
99 193
99 100
99 160
99 101
99 103
99 104
99 105
99 185
99 106
99 107
99 109
99 110
99 111
99 112
99 169
99 113
99 161
99 117
99 119
99 177
99 121
99 123
99 163
99 126
99 127
99 129
99 130
99 132
99 133
99 134
99 135
99 136
99 137
99 139
99 146
99 165
3 87
87 148
87 171
20 87
24 87
28 87
29 87
87 180
32 87
87 151
36 87
40 87
41 87
44 87
87 152
87 191
87 181
51 87
58 87
59 87
87 155
87 198
71 87
72 87
73 87
87 156
76 87
77 87
87 157
87 88
87 159
87 183
87 174
87 101
87 175
87 102
87 103
87 104
87 105
87 185
87 106
87 176
87 111
87 169
87 113
87 114
87 161
87 119
87 121
87 123
87 124
87 128
87 129
87 133
87 135
87 136
87 139
87 140
87 141
87 144
87 164
87 146
87 147
4 175
18 175
171 175
21 175
33 175
42 175
175 181
153 175
62 175
63 175
66 175
73 175
80 175
82 175
83 175
90 175
91 175
172 175
174 175
160 175
101 175
102 175
105 175
175 186
109 175
115 175
117 175
119 175
120 175
123 175
127 175
135 175
102 148
9 102
102 149
40 102
58 102
71 102
73 102
102 159
102 104
102 105
102 108
102 109
102 176
102 162
102 117
102 119
102 127
102 128
102 131
102 178
102 143
102 144
102 164
4 104
20 104
24 104
36 104
40 104
47 104
55 104
104 182
61 104
104 155
73 104
104 156
76 104
104 168
104 186
104 109
104 187
104 115
104 118
104 119
104 121
104 123
104 125
104 126
104 127
104 129
104 131
104 137
104 139
104 140
104 144
104 164
104 147
105 204
20 105
24 105
105 150
32 105
105 151
51 105
105 155
69 105
72 105
73 105
76 105
105 157
105 168
105 159
93 105
94 105
101 105
105 185
105 106
105 107
105 108
105 176
105 110
105 112
105 169
105 114
105 161
105 116
105 117
105 118
105 119
105 124
105 127
105 128
105 129
105 130
105 131
105 132
105 133
105 135
105 137
105 178
105 141
105 143
105 164
105 165
106 179
106 148
9 106
16 106
19 106
29 106
106 150
32 106
33 106
106 152
106 196
106 197
51 106
106 154
55 106
59 106
106 167
69 106
72 106
73 106
76 106
106 157
88 106
106 159
106 192
106 193
106 173
106 199
106 183
106 194
100 106
106 160
106 107
106 186
106 108
106 109
106 176
106 110
106 187
106 114
106 115
106 162
106 117
106 118
106 119
106 121
106 122
106 123
106 127
106 128
106 129
106 130
106 132
106 133
106 134
106 135
106 137
106 139
106 140
106 190
106 141
106 143
106 144
106 145
106 164
106 165
3 107
107 148
24 107
29 107
107 180
107 150
33 107
36 107
40 107
44 107
107 181
107 197
51 107
107 154
107 167
72 107
107 156
76 107
107 157
107 168
107 172
107 159
107 192
94 107
107 173
107 194
107 174
103 107
107 109
107 110
107 161
107 162
107 117
107 119
107 123
107 125
107 126
107 127
107 131
107 133
107 134
107 137
107 139
107 140
107 141
107 144
107 146
107 165
3 73
9 73
19 73
73 171
28 73
29 73
73 166
36 73
73 191
73 196
73 181
73 197
51 73
73 154
58 73
73 167
71 73
73 156
73 76
73 77
73 88
73 168
73 172
73 159
73 193
73 94
73 173
73 183
73 184
73 100
73 160
73 185
73 108
73 195
73 110
73 111
73 169
73 187
73 161
73 116
73 117
73 118
73 119
73 120
73 121
73 123
73 163
73 124
73 126
73 127
73 128
73 129
73 189
73 132
73 133
73 135
73 137
73 140
73 141
73 143
73 144
73 145
73 164
73 146
73 147
5 88
9 88
18 88
20 88
24 88
27 88
88 149
88 151
36 88
43 88
88 191
52 88
55 88
62 88
88 155
63 88
69 88
70 88
71 88
74 88
88 156
77 88
88 157
84 88
88 158
88 159
88 94
88 183
88 102
88 109
88 176
88 110
88 114
88 161
88 116
88 162
88 117
88 119
88 120
88 121
88 122
88 124
88 125
88 126
88 127
88 132
88 135
88 137
88 144
88 146
88 165
4 108
108 148
20 108
108 151
40 108
47 108
108 181
52 108
59 108
69 108
71 108
72 108
108 156
77 108
108 192
94 108
108 199
108 174
108 109
108 111
108 113
108 117
108 118
108 119
108 177
108 126
108 127
108 129
108 130
108 133
108 139
108 143
108 144
108 165
4 109
109 148
9 109
19 109
20 109
24 109
28 109
109 180
109 150
44 109
109 181
109 197
51 109
109 154
55 109
58 109
59 109
61 109
109 167
71 109
72 109
76 109
77 109
109 168
109 172
109 192
109 193
109 174
103 109
109 185
109 186
109 195
109 110
109 113
109 114
109 161
109 115
109 116
109 162
109 119
109 177
109 121
109 123
109 163
109 125
109 127
109 128
109 129
109 136
109 139
109 141
109 144
109 146
109 147
176 179
4 176
148 176
24 176
27 176
32 176
151 176
36 176
152 176
52 176
59 176
60 176
63 176
70 176
71 176
72 176
76 176
159 176
94 176
173 176
96 176
111 176
113 176
115 176
116 176
162 176
117 176
118 176
120 176
121 176
122 176
163 176
125 176
127 176
128 176
129 176
132 176
135 176
136 176
139 176
140 176
141 176
165 176
4 111
9 111
27 111
111 151
40 111
48 111
111 197
58 111
61 111
64 111
72 111
111 168
111 159
93 111
94 111
98 111
111 160
111 114
111 118
111 120
111 123
111 125
111 126
111 127
111 133
111 136
111 139
111 143
111 144
111 145
111 147
4 169
9 169
20 169
36 169
58 169
155 169
169 173
97 169
112 169
113 169
119 169
120 169
121 169
123 169
124 169
133 169
141 169
143 169
144 169
9 113
16 113
25 113
28 113
113 180
36 113
52 113
113 153
58 113
61 113
64 113
113 168
113 159
93 113
97 113
113 161
113 117
113 119
113 122
113 125
113 127
113 128
113 138
113 141
113 143
3 164
164 171
21 164
56 164
63 164
71 164
78 164
91 164
164 172
164 173
164 183
103 164
121 164
124 164
127 164
128 164
164 189
131 164
139 164
145 164
147 164
148 161
9 161
32 161
44 161
72 161
96 161
104 161
161 186
121 161
123 161
128 161
132 161
141 161
115 148
5 115
24 115
115 150
47 115
55 115
61 115
115 167
69 115
76 115
115 172
115 186
110 115
115 187
115 162
115 119
115 177
115 122
115 125
115 129
115 131
115 132
115 135
115 139
115 140
115 141
115 143
115 147
4 116
116 148
9 116
18 116
21 116
28 116
29 116
116 166
116 150
116 151
36 116
40 116
44 116
116 152
52 116
116 154
61 116
116 167
69 116
70 116
72 116
76 116
77 116
116 157
82 116
84 116
116 168
116 172
93 116
116 199
116 160
116 195
116 161
116 119
116 120
116 121
116 122
116 124
116 127
116 132
116 134
116 135
116 136
116 139
116 143
116 146
1 162
162 179
3 162
4 162
20 162
28 162
149 162
32 162
41 162
52 162
162 182
58 162
162 167
63 162
69 162
74 162
77 162
157 162
162 168
162 183
162 174
100 162
117 162
121 162
125 162
126 162
127 162
132 162
136 162
140 162
143 162
145 162
162 164
162 165
117 148
9 117
19 117
24 117
27 117
69 117
70 117
71 117
76 117
117 174
117 119
117 120
117 121
117 123
117 124
117 126
117 127
117 132
117 140
117 141
4 118
118 148
19 118
23 118
24 118
118 149
29 118
118 166
32 118
40 118
44 118
118 196
118 181
118 197
52 118
61 118
118 155
118 167
69 118
71 118
72 118
76 118
77 118
118 157
82 118
118 168
118 192
118 193
118 199
118 183
118 184
118 194
118 160
110 118
112 118
114 118
118 119
118 120
118 121
118 163
118 125
118 127
118 129
118 189
118 132
118 133
118 136
118 137
118 190
118 170
118 143
118 145
118 146
118 165
118 147
120 179
3 120
4 120
120 148
9 120
19 120
23 120
24 120
29 120
120 166
120 180
120 150
32 120
33 120
40 120
120 152
120 196
120 197
52 120
120 154
120 182
58 120
59 120
69 120
77 120
120 172
120 193
94 120
120 173
120 183
100 120
120 160
103 120
112 120
120 187
114 120
120 121
120 122
120 124
120 125
120 127
120 128
120 130
120 133
120 134
120 135
120 137
120 140
120 190
120 143
120 146
120 165
120 147
3 171
5 171
25 171
33 171
34 171
36 171
49 171
70 171
71 171
72 171
84 171
90 171
91 171
171 172
171 173
160 171
102 171
103 171
108 171
112 171
115 171
117 171
119 171
123 171
126 171
127 171
128 171
131 171
138 171
145 171
146 171
147 171
121 179
16 121
19 121
20 121
28 121
121 166
121 180
121 150
32 121
121 151
33 121
36 121
40 121
44 121
121 196
121 197
51 121
55 121
121 182
58 121
121 155
121 167
71 121
72 121
76 121
77 121
121 172
121 159
121 183
121 160
110 121
114 121
121 124
121 126
121 130
121 131
121 133
121 134
121 135
121 136
121 137
121 139
121 141
121 143
121 144
121 146
121 165
121 147
9 123
16 123
19 123
24 123
123 166
123 180
123 150
33 123
36 123
44 123
123 152
123 191
123 181
51 123
52 123
123 154
55 123
61 123
123 155
123 198
123 167
69 123
72 123
123 156
76 123
82 123
123 172
123 159
123 192
94 123
123 199
123 183
123 174
100 123
123 160
101 123
123 185
123 195
123 124
123 188
123 127
123 137
123 139
123 140
123 190
123 170
123 141
123 143
123 145
123 165
123 147
4 154
5 154
7 154
32 154
45 154
60 154
64 154
69 154
81 154
84 154
97 154
98 154
105 154
154 186
154 162
117 154
119 154
121 154
154 163
124 154
127 154
128 154
132 154
136 154
137 154
139 154
140 154
143 154
9 125
28 125
36 125
40 125
58 125
125 155
125 167
97 125
112 125
122 125
125 126
125 131
125 135
125 170
125 141
127 179
3 127
127 148
20 127
24 127
28 127
29 127
127 150
127 151
33 127
40 127
47 127
127 197
52 127
55 127
58 127
127 167
69 127
71 127
127 156
127 168
127 172
127 192
127 193
94 127
127 173
127 183
127 194
127 174
101 127
127 185
127 186
110 127
112 127
127 187
114 127
127 161
119 127
127 177
127 163
124 127
127 133
127 134
127 140
127 190
127 170
127 143
127 145
127 165
3 128
9 128
19 128
20 128
24 128
28 128
29 128
128 150
128 151
33 128
40 128
128 152
128 181
58 128
61 128
128 155
128 167
128 156
128 192
128 193
128 194
100 128
103 128
119 128
128 177
128 163
124 128
128 188
126 128
128 129
128 133
128 137
128 139
128 140
128 141
128 143
128 146
128 147
4 137
15 137
18 137
24 137
38 137
40 137
44 137
137 181
54 137
60 137
61 137
137 167
69 137
70 137
137 157
137 168
137 172
98 137
137 183
113 137
114 137
117 137
122 137
124 137
129 137
131 137
132 137
134 137
135 137
136 137
137 139
137 143
137 144
4 129
129 148
29 129
129 150
129 151
44 129
51 129
55 129
61 129
69 129
94 129
129 184
129 186
129 177
122 129
124 129
126 129
129 136
129 143
129 165
4 132
132 148
9 132
18 132
24 132
28 132
29 132
132 150
32 132
132 151
36 132
44 132
132 181
51 132
132 155
69 132
71 132
72 132
76 132
132 157
94 132
132 173
101 132
103 132
132 186
110 132
132 177
124 132
132 134
132 139
132 141
132 146
132 147
135 148
18 135
21 135
24 135
135 166
32 135
135 151
40 135
55 135
135 182
59 135
60 135
62 135
135 155
135 167
71 135
72 135
74 135
77 135
135 157
135 172
97 135
104 135
112 135
135 177
122 135
135 189
135 136
135 139
135 140
135 141
135 143
135 165
135 147
136 179
3 136
136 148
25 136
29 136
136 150
136 151
33 136
44 136
136 191
52 136
61 136
136 198
136 167
69 136
70 136
71 136
72 136
76 136
136 157
136 172
136 173
136 183
103 136
136 187
119 136
122 136
136 163
124 136
126 136
130 136
134 136
136 144
136 146
136 165
136 147
4 139
16 139
28 139
29 139
139 166
139 150
32 139
33 139
36 139
40 139
44 139
139 181
139 197
51 139
52 139
58 139
61 139
139 155
139 198
77 139
139 157
139 192
94 139
139 173
139 194
139 174
100 139
139 160
139 185
114 139
139 177
139 188
139 190
139 141
139 143
139 144
139 145
139 146
3 140
4 140
140 148
5 140
9 140
24 140
27 140
140 180
140 150
40 140
44 140
140 152
52 140
55 140
140 155
70 140
71 140
72 140
140 156
76 140
93 140
100 140
101 140
140 161
140 177
122 140
140 188
126 140
130 140
133 140
140 164
140 146
140 147
3 143
143 148
9 143
20 143
23 143
44 143
143 181
52 143
58 143
61 143
69 143
77 143
143 159
143 173
97 143
114 143
119 143
124 143
143 188
143 189
143 146
143 147
4 141
141 148
9 141
19 141
28 141
29 141
141 166
141 180
141 150
141 151
44 141
47 141
141 181
52 141
55 141
58 141
61 141
141 155
141 198
69 141
71 141
72 141
141 156
76 141
77 141
141 157
141 159
141 192
94 141
141 173
101 141
103 141
141 187
119 141
141 177
124 141
141 188
126 141
131 141
133 141
141 165
119 148
24 119
52 119
61 119
119 155
69 119
71 119
76 119
103 119
119 186
119 124
119 131
119 144
119 146
119 165
122 148
12 122
20 122
29 122
122 180
122 151
52 122
61 122
71 122
72 122
122 156
76 122
84 122
94 122
122 199
122 188
122 130
122 144
122 145
122 165
