231
1 3
1 4
1 6
1 10
1 11
1 12
1 18
1 22
1 23
1 25
1 26
1 27
1 30
1 31
1 32
33 34
6 33
8 33
10 33
11 33
12 33
33 35
14 33
33 36
25 33
26 33
31 33
32 33
33 37
6 38
7 38
9 38
10 38
12 38
13 38
35 38
14 38
16 38
17 38
20 38
21 38
36 38
22 38
24 38
26 38
32 38
38 40
34 41
3 41
6 41
7 41
8 41
10 41
12 41
39 41
15 41
41 44
18 41
20 41
21 41
22 41
24 41
28 41
29 41
30 41
31 41
2 45
34 45
42 45
6 45
8 45
10 45
11 45
13 45
15 45
16 45
18 45
19 45
20 45
21 45
25 45
26 45
28 45
29 45
30 45
31 45
37 45
2 4
4 47
3 4
4 49
4 5
4 50
4 52
4 56
4 8
4 58
4 59
4 10
4 62
4 65
4 67
4 69
4 75
4 77
4 79
4 81
4 35
4 82
4 83
4 84
4 14
4 90
4 19
4 91
4 92
4 93
4 20
4 95
4 96
4 21
4 36
4 97
4 98
4 99
4 100
4 101
4 103
4 107
4 23
4 109
4 24
4 111
4 25
4 113
4 26
4 27
4 115
4 117
4 118
4 120
4 121
4 122
4 28
4 31
4 32
4 129
4 133
4 134
4 135
4 136
2 49
34 49
5 49
6 49
9 49
11 49
13 49
43 49
39 49
15 49
19 49
20 49
36 49
23 49
24 49
25 49
28 49
29 49
37 49
40 49
3 137
8 137
10 137
13 137
35 137
18 137
22 137
25 137
26 137
8 138
9 138
18 138
22 138
23 138
30 138
42 139
5 139
8 139
12 139
43 139
25 139
26 139
27 139
30 139
31 139
34 50
6 50
8 50
10 50
11 50
14 50
39 50
15 50
17 50
18 50
20 50
21 50
22 50
26 50
30 50
32 50
37 50
40 50
35 55
21 55
22 55
25 55
32 55
2 140
4 140
8 140
9 140
13 140
14 140
17 140
18 140
23 140
25 140
27 140
28 140
30 140
31 140
32 140
10 56
14 56
17 56
36 56
22 56
26 56
27 56
28 56
31 56
32 56
2 57
34 57
5 57
8 57
12 57
13 57
43 57
14 57
39 57
44 57
17 57
18 57
19 57
21 57
26 57
27 57
31 57
2 141
6 141
12 141
35 141
14 141
15 141
17 141
26 141
28 141
32 141
2 142
9 142
10 142
12 142
17 142
26 142
27 142
30 142
5 58
6 58
14 58
16 58
17 58
18 58
36 58
25 58
26 58
27 58
29 58
31 58
37 58
9 143
9 46
9 34
9 47
9 42
9 53
6 9
9 147
7 9
9 149
8 9
9 150
9 151
9 59
9 60
9 152
9 153
9 154
9 10
9 62
9 155
9 160
9 68
9 69
9 163
9 11
9 71
9 165
9 74
9 75
9 78
9 79
9 12
9 43
9 84
9 14
9 39
9 15
9 85
9 86
9 16
9 171
9 17
9 172
9 88
9 19
9 91
9 178
9 93
9 20
9 179
9 180
9 95
9 96
9 21
9 181
9 182
9 186
9 187
9 99
9 100
9 189
9 106
9 107
9 108
9 110
9 191
9 111
9 112
9 25
9 113
9 27
9 200
9 115
9 201
9 116
9 117
9 202
9 203
9 121
9 28
9 29
9 37
9 206
9 126
9 129
9 208
9 130
9 132
9 40
9 209
9 210
9 211
9 134
9 136
2 78
3 78
5 78
6 78
10 78
35 78
14 78
15 78
16 78
17 78
18 78
21 78
36 78
22 78
23 78
29 78
31 78
37 78
40 78
34 150
4 150
5 150
7 150
11 150
13 150
14 150
15 150
16 150
25 150
28 150
30 150
31 150
32 150
12 151
26 151
27 151
30 151
10 59
14 59
15 59
21 59
25 59
27 59
32 59
3 174
11 174
12 174
13 174
17 174
21 174
22 174
24 174
27 174
2 61
42 61
5 61
6 61
7 61
8 61
10 61
13 61
35 61
14 61
17 61
18 61
36 61
23 61
26 61
28 61
31 61
2 153
34 153
3 153
5 153
6 153
11 153
13 153
35 153
14 153
16 153
18 153
19 153
21 153
22 153
23 153
24 153
27 153
29 153
30 153
31 153
32 153
37 153
40 153
6 83
7 83
12 83
13 83
35 83
16 83
17 83
18 83
21 83
83 212
26 83
27 83
32 83
2 10
10 143
10 46
10 34
10 42
10 141
10 213
10 151
10 152
10 64
10 155
10 158
10 66
10 214
10 68
10 164
10 11
10 74
10 170
10 81
10 84
10 14
10 39
10 15
10 85
10 87
10 16
10 17
10 172
10 89
10 18
10 179
10 95
10 21
10 185
10 187
10 100
10 22
10 105
10 109
10 191
10 194
10 199
10 27
10 200
10 117
10 120
10 28
10 30
10 205
10 31
10 124
10 125
10 128
10 129
10 40
10 133
10 134
10 136
2 62
34 62
13 62
43 62
35 62
14 62
15 62
16 62
17 62
18 62
36 62
26 62
32 62
40 62
2 64
34 64
5 64
7 64
11 64
12 64
13 64
39 64
15 64
44 64
21 64
36 64
23 64
24 64
26 64
28 64
29 64
30 64
37 64
12 155
13 155
35 155
14 155
18 155
22 155
27 155
30 155
5 157
6 157
12 157
13 157
14 157
15 157
18 157
23 157
28 157
35 65
14 65
22 65
23 65
65 212
27 65
30 65
34 127
3 127
42 127
11 127
13 127
43 127
39 127
20 127
21 127
25 127
26 127
29 127
32 127
40 127
2 66
6 66
7 66
8 66
14 66
16 66
18 66
36 66
22 66
26 66
27 66
30 66
2 160
34 160
42 160
7 160
8 160
11 160
13 160
39 160
15 160
17 160
18 160
20 160
22 160
27 160
32 160
37 160
40 160
2 68
42 68
6 68
13 68
43 68
35 68
15 68
17 68
19 68
21 68
36 68
24 68
26 68
28 68
32 68
6 120
8 120
12 120
13 120
14 120
15 120
21 120
22 120
24 120
25 120
27 120
32 120
34 69
6 69
7 69
11 69
12 69
35 69
39 69
15 69
16 69
44 69
18 69
20 69
21 69
36 69
22 69
23 69
25 69
26 69
27 69
28 69
32 69
37 69
40 69
4 161
12 161
35 161
14 161
15 161
18 161
22 161
23 161
26 161
27 161
31 161
14 70
25 70
26 70
27 70
30 70
31 70
32 70
2 71
12 71
13 71
43 71
14 71
39 71
15 71
44 71
17 71
18 71
19 71
20 71
22 71
23 71
25 71
28 71
42 74
5 74
11 74
12 74
35 74
14 74
16 74
17 74
19 74
36 74
24 74
25 74
26 74
30 74
31 74
2 166
4 166
7 166
8 166
12 166
13 166
18 166
36 166
27 166
29 166
37 166
12 167
13 167
14 167
15 167
26 167
10 168
12 168
13 168
35 168
14 168
18 168
23 168
25 168
26 168
37 168
5 75
6 75
15 75
36 75
22 75
23 75
25 75
26 75
27 75
28 75
31 75
32 75
8 76
12 76
43 76
35 76
14 76
18 76
21 76
36 76
23 76
24 76
27 76
32 76
14 170
2 77
6 77
8 77
14 77
15 77
20 77
23 77
27 77
30 77
34 79
12 79
13 79
43 79
14 79
39 79
15 79
16 79
44 79
17 79
18 79
20 79
21 79
36 79
23 79
24 79
25 79
28 79
30 79
31 79
32 79
37 79
6 80
13 80
35 80
14 80
39 80
17 80
22 80
25 80
26 80
30 80
26 144
26 34
26 47
3 26
5 26
26 218
6 26
26 147
7 26
26 149
26 152
26 156
26 220
26 163
11 26
26 72
26 170
12 26
26 81
26 84
14 26
26 39
26 86
16 26
26 171
26 88
18 26
19 26
26 91
20 26
26 179
26 180
26 95
26 96
26 181
26 221
26 100
22 26
26 107
26 108
23 26
26 222
26 109
26 191
26 212
26 193
26 111
26 112
26 216
25 26
26 113
26 199
26 27
26 200
26 115
26 116
26 117
26 118
26 119
26 203
26 121
26 28
26 29
26 30
26 224
26 32
26 37
26 126
26 129
26 130
26 131
26 132
26 40
26 209
26 133
26 135
12 46
3 12
7 12
12 164
12 169
12 81
12 85
12 86
12 87
12 171
12 17
12 90
12 18
12 176
12 94
12 96
12 187
12 100
12 105
12 107
12 108
12 23
12 109
12 212
12 192
12 25
12 114
12 27
12 116
12 117
12 118
12 119
12 203
12 121
12 122
12 28
12 123
12 205
12 31
12 124
12 32
12 128
12 129
12 132
12 210
12 133
12 135
12 136
2 81
3 81
6 81
11 81
14 81
39 81
15 81
17 81
18 81
20 81
36 81
22 81
23 81
24 81
27 81
32 81
35 143
35 144
34 35
35 47
35 42
35 145
35 147
8 35
35 142
35 67
35 164
11 35
35 70
12 35
14 35
35 44
35 172
35 88
35 90
35 175
18 35
35 178
35 93
35 182
35 97
35 187
35 100
35 102
35 190
35 107
35 108
23 35
35 193
35 111
35 194
35 113
35 114
35 115
35 118
35 203
35 123
32 35
35 126
35 130
35 40
35 209
35 134
34 82
42 82
8 82
11 82
14 82
39 82
15 82
16 82
17 82
18 82
20 82
36 82
24 82
28 82
31 82
40 82
2 14
14 143
14 47
3 14
14 42
5 14
14 51
14 52
14 53
14 54
6 14
14 148
14 213
14 60
14 63
14 158
14 159
14 162
14 163
14 164
14 72
13 14
14 39
14 87
14 44
14 173
14 18
14 92
14 178
14 93
14 94
14 20
14 179
14 96
14 21
14 36
14 186
14 98
14 100
14 229
14 189
14 105
14 106
14 107
14 108
14 109
14 193
14 111
14 195
14 230
14 196
14 197
14 198
14 199
14 114
14 27
14 115
14 117
14 118
14 119
14 202
14 203
14 121
14 28
14 30
14 204
14 205
14 124
14 207
14 125
14 126
14 217
14 128
14 226
14 130
14 131
14 133
14 134
14 136
39 143
1 39
34 39
4 39
39 137
39 218
39 147
7 39
39 56
8 39
39 150
39 154
39 63
39 155
39 157
39 66
39 215
39 220
39 164
39 70
39 75
39 77
12 39
15 39
39 87
39 88
39 89
18 39
39 178
39 95
21 39
39 229
22 39
39 105
39 108
23 39
24 39
39 111
39 112
25 39
39 114
27 39
39 201
39 202
39 122
28 39
29 39
30 39
32 39
39 206
39 126
39 128
39 130
39 209
39 231
39 134
39 136
15 46
15 34
3 15
15 145
15 146
15 54
8 15
15 67
15 164
15 80
15 87
15 88
15 89
15 173
15 174
15 175
15 178
15 96
15 97
15 98
15 99
15 100
15 103
15 22
15 107
15 108
15 110
15 24
15 111
15 112
15 25
15 113
15 114
15 27
15 200
15 115
15 201
15 117
15 118
15 30
15 124
15 37
15 125
15 126
15 129
15 130
15 132
15 133
15 134
18 165
22 165
27 165
30 165
2 44
42 44
44 54
44 154
11 44
13 44
18 44
44 103
22 44
44 109
44 111
44 112
44 201
44 122
28 44
31 44
37 44
44 217
34 172
3 172
8 172
12 172
13 172
20 172
22 172
23 172
28 172
31 172
32 172
2 173
42 173
11 173
17 173
18 173
21 173
25 173
27 173
37 173
6 90
8 90
13 90
16 90
17 90
18 90
23 90
27 90
28 90
32 90
3 175
4 175
8 175
17 175
22 175
25 175
27 175
30 175
31 175
32 175
40 175
18 143
18 144
18 47
3 18
18 42
18 48
18 52
18 54
6 18
18 147
7 18
18 148
18 149
8 18
18 213
18 151
18 152
18 63
18 156
18 214
18 163
18 70
18 72
18 169
18 170
18 43
18 84
18 87
16 18
18 171
18 89
18 92
18 20
18 180
18 96
18 36
18 186
18 187
18 229
18 189
18 190
18 104
18 22
18 105
18 23
18 222
18 109
18 191
18 24
18 193
18 111
18 112
18 194
18 223
18 216
18 198
18 199
18 114
18 27
18 115
18 116
18 117
18 119
18 202
18 203
18 224
18 204
18 205
18 31
18 128
18 130
18 132
18 209
18 135
6 19
8 19
13 19
19 86
19 87
19 103
19 23
19 109
19 112
19 25
19 119
19 120
19 121
19 30
19 31
19 127
19 136
2 91
3 91
42 91
8 91
11 91
12 91
13 91
21 91
22 91
30 91
32 91
8 177
10 177
12 177
13 177
16 177
17 177
27 177
28 177
30 177
31 177
32 177
3 178
42 178
6 178
11 178
13 178
27 178
30 178
31 178
32 178
6 93
7 93
8 93
16 93
44 93
31 93
32 93
34 95
3 95
8 95
16 95
22 95
27 95
31 95
37 95
40 95
22 96
31 96
32 96
34 97
13 97
16 97
20 97
36 97
25 97
37 97
2 98
6 98
17 98
20 98
21 98
36 98
23 98
24 98
28 98
29 98
37 98
40 98
4 187
24 187
23 99
25 99
27 99
30 99
31 99
32 99
2 21
21 46
3 21
21 146
21 54
7 21
21 151
21 66
21 72
21 75
21 80
16 21
21 44
21 176
20 21
21 103
21 22
21 23
21 109
21 24
21 194
21 113
21 27
21 201
21 118
21 121
21 29
21 31
21 37
21 125
21 126
21 129
21 226
21 130
21 40
21 209
21 133
21 136
42 103
7 103
11 103
16 103
17 103
20 103
36 103
23 103
24 103
25 103
29 103
30 103
7 105
13 105
15 105
22 105
27 105
8 107
17 107
30 107
32 107
2 108
3 108
42 108
6 108
8 108
36 108
25 108
31 108
32 108
40 108
34 109
3 109
5 109
8 109
11 109
16 109
22 109
23 109
24 109
25 109
27 109
28 109
29 109
31 109
2 87
34 87
3 87
42 87
17 87
20 87
22 87
27 87
28 87
30 87
32 87
2 179
12 179
13 179
17 179
22 179
25 179
28 179
29 179
30 179
37 179
40 179
2 110
5 110
13 110
43 110
17 110
20 110
36 110
22 110
110 212
24 110
27 110
28 110
29 110
31 110
32 110
3 193
6 193
8 193
12 193
13 193
21 193
22 193
23 193
27 193
31 193
2 111
3 111
13 111
16 111
17 111
20 111
36 111
23 111
24 111
25 111
27 111
28 111
29 111
30 111
31 111
32 111
37 111
40 111
12 195
35 195
36 195
27 195
32 195
4 196
12 196
13 196
35 196
15 196
22 196
30 196
12 197
13 197
35 197
22 197
23 197
27 197
30 197
32 197
25 143
25 144
3 25
25 42
25 48
25 145
25 54
6 25
25 147
7 25
8 25
25 60
25 65
25 159
25 162
25 73
13 25
25 35
25 84
25 86
16 25
25 171
25 88
25 89
20 25
25 100
25 229
22 25
25 106
23 25
25 113
25 201
25 116
25 118
25 119
25 202
25 121
25 28
25 205
25 31
25 32
25 125
25 126
25 128
25 129
25 226
25 130
25 132
25 40
25 209
25 134
25 135
8 199
12 199
30 199
31 199
32 199
2 27
27 144
27 54
7 27
8 27
27 219
27 63
27 157
27 67
27 162
27 163
27 164
27 72
27 169
27 84
27 85
16 27
27 89
20 27
27 36
27 182
27 183
27 100
27 229
27 190
22 27
24 27
27 112
27 115
27 201
27 119
27 122
27 30
27 31
27 124
27 128
27 129
27 130
27 132
27 209
27 211
27 133
27 135
2 200
8 200
11 200
13 200
43 200
16 200
19 200
20 200
36 200
24 200
27 200
28 200
29 200
30 200
37 200
40 200
34 201
3 201
4 201
42 201
7 201
16 201
18 201
20 201
36 201
22 201
23 201
28 201
30 201
32 201
37 201
40 201
2 117
6 117
11 117
20 117
36 117
22 117
23 117
28 117
31 117
32 117
37 117
40 117
3 119
42 119
5 119
6 119
8 119
44 119
17 119
22 119
23 119
29 119
30 119
31 119
32 119
37 119
3 203
7 203
8 203
10 203
23 203
27 203
28 203
3 121
5 121
7 121
13 121
16 121
17 121
20 121
23 121
24 121
28 121
29 121
30 121
32 121
42 122
6 122
7 122
8 122
11 122
43 122
17 122
20 122
36 122
28 122
30 122
31 122
32 122
37 122
40 122
2 30
30 143
3 30
30 42
30 53
30 146
30 54
6 30
7 30
30 148
30 149
30 213
30 60
30 152
30 63
30 162
11 30
30 72
30 73
30 169
30 170
30 84
30 86
16 30
30 171
30 176
30 94
30 181
30 36
30 184
30 185
24 30
30 112
30 194
30 198
30 113
30 114
29 30
30 204
30 205
30 31
30 124
30 32
30 206
30 126
30 128
30 131
30 132
30 40
30 209
30 133
30 134
30 135
30 136
34 217
11 217
15 217
16 217
17 217
18 217
22 217
25 217
28 217
30 217
31 217
32 217
2 123
10 123
13 123
16 123
24 123
25 123
27 123
28 123
31 123
32 123
2 205
3 205
4 205
8 205
17 205
22 205
23 205
28 205
31 205
32 205
3 124
8 124
13 124
43 124
36 124
24 124
28 124
32 124
32 46
32 34
32 47
32 48
32 145
32 54
32 148
32 149
32 154
32 63
32 156
32 158
32 163
32 164
32 73
13 32
32 85
32 86
32 171
32 88
32 89
32 176
32 92
32 186
22 32
32 191
24 32
32 112
32 223
32 113
32 118
31 32
32 126
32 128
32 129
32 130
32 40
32 210
32 133
32 135
32 136
2 125
7 125
8 125
16 125
19 125
36 125
22 125
125 212
24 125
31 125
2 128
3 128
42 128
5 128
13 128
43 128
17 128
36 128
22 128
23 128
24 128
29 128
31 128
2 129
42 129
5 129
11 129
19 129
28 129
31 129
8 132
13 132
22 132
23 132
24 132
28 132
31 132
34 130
42 130
5 130
6 130
7 130
11 130
13 130
16 130
28 130
16 209
17 209
22 209
23 209
28 209
3 118
8 118
11 118
13 118
39 118
17 118
22 118
28 118
37 118
8 135
16 135
22 135
23 135
