246 9457
1 2
1 3
1 4
1 5
1 13
1 14
1 16
1 17
1 18
1 21
1 24
1 26
1 31
1 32
1 35
1 36
1 38
1 40
1 46
1 50
1 51
1 54
1 55
1 59
1 62
1 63
1 65
1 70
1 73
1 75
1 76
1 79
1 80
1 81
1 83
1 85
1 87
1 89
1 90
1 92
1 93
1 94
1 98
1 100
1 103
1 105
1 110
1 111
1 112
1 114
1 115
1 116
1 117
1 118
1 122
1 124
1 126
1 128
1 129
1 130
1 131
1 132
1 133
1 135
1 138
1 139
1 143
1 144
1 145
1 149
1 150
1 152
1 154
1 158
1 159
1 160
1 162
1 163
1 166
2 3
3 168
3 170
3 5
3 6
3 7
3 9
3 171
3 16
3 23
3 24
3 25
3 26
3 27
3 28
3 30
3 31
3 33
3 35
3 38
3 39
3 40
3 43
3 47
3 176
3 48
3 49
3 55
3 178
3 59
3 60
3 61
3 64
3 65
3 180
3 66
3 75
3 77
3 78
3 81
3 82
3 83
3 84
3 85
3 89
3 183
3 90
3 92
3 94
3 184
3 95
3 96
3 100
3 102
3 104
3 105
3 106
3 107
3 108
3 110
3 112
3 189
3 114
3 116
3 120
3 190
3 123
3 124
3 125
3 191
3 192
3 128
3 134
3 136
3 137
3 138
3 139
3 195
3 144
3 145
3 146
3 149
3 150
3 151
3 153
3 156
3 157
3 161
3 165
3 166
2 7
2 11
2 13
2 17
2 22
2 27
2 34
2 38
2 42
2 44
2 50
2 54
2 55
2 58
2 70
2 74
2 77
2 81
2 82
2 84
2 86
2 88
2 91
2 95
2 185
2 101
2 107
2 108
2 109
2 113
2 115
2 121
2 122
2 125
2 128
2 130
2 138
2 143
2 144
2 146
2 155
2 158
2 199
2 167
4 169
169 170
5 169
6 169
8 169
15 169
17 169
18 169
20 169
22 169
24 169
27 169
30 169
33 169
36 169
169 174
41 169
42 169
169 175
45 169
50 169
169 201
54 169
55 169
169 177
58 169
169 178
59 169
169 202
169 180
69 169
70 169
71 169
72 169
75 169
79 169
80 169
81 169
83 169
84 169
87 169
88 169
89 169
169 183
92 169
169 184
96 169
99 169
105 169
169 203
108 169
169 204
109 169
169 205
115 169
116 169
119 169
122 169
169 207
169 191
169 192
129 169
130 169
131 169
132 169
133 169
136 169
137 169
138 169
139 169
140 169
141 169
142 169
145 169
146 169
169 197
147 169
150 169
151 169
152 169
153 169
156 169
159 169
160 169
162 169
164 169
5 168
5 170
5 6
5 7
5 8
5 9
5 11
5 12
5 209
5 14
5 17
5 210
5 172
5 21
5 22
5 23
5 26
5 27
5 32
5 33
5 34
5 36
5 38
5 40
5 43
5 46
5 47
5 49
5 55
5 177
5 60
5 61
5 65
5 66
5 67
5 68
5 74
5 75
5 78
5 181
5 79
5 80
5 82
5 84
5 86
5 87
5 88
5 91
5 94
5 184
5 95
5 97
5 98
5 99
5 100
5 101
5 186
5 102
5 104
5 106
5 107
5 204
5 211
5 111
5 117
5 118
5 119
5 207
5 124
5 212
5 213
5 126
5 129
5 130
5 132
5 133
5 137
5 193
5 138
5 195
5 142
5 143
5 197
5 149
5 150
5 214
5 160
5 161
5 163
5 164
4 9
4 12
4 13
4 171
4 16
4 18
4 21
4 27
4 30
4 32
4 39
4 40
4 41
4 45
4 46
4 50
4 51
4 54
4 55
4 56
4 59
4 66
4 68
4 69
4 70
4 72
4 73
4 76
4 77
4 82
4 83
4 182
4 91
4 99
4 100
4 204
4 211
4 109
4 112
4 113
4 206
4 114
4 115
4 116
4 117
4 119
4 218
4 122
4 207
4 124
4 125
4 212
4 191
4 220
4 213
4 126
4 128
4 132
4 133
4 134
4 135
4 136
4 137
4 194
4 139
4 143
4 144
4 146
4 149
4 150
4 152
4 214
4 158
4 161
4 164
6 223
6 8
6 12
6 13
6 171
6 209
6 14
6 17
6 19
6 172
6 24
6 25
6 30
6 31
6 33
6 216
6 224
6 174
6 37
6 40
6 44
6 175
6 46
6 47
6 48
6 53
6 225
6 58
6 59
6 60
6 61
6 63
6 64
6 65
6 180
6 68
6 71
6 72
6 73
6 75
6 76
6 77
6 181
6 79
6 81
6 82
6 84
6 87
6 88
6 182
6 183
6 93
6 94
6 184
6 95
6 185
6 96
6 101
6 102
6 103
6 217
6 104
6 187
6 107
6 204
6 188
6 228
6 109
6 112
6 229
6 189
6 116
6 117
6 118
6 119
6 120
6 121
6 122
6 207
6 123
6 125
6 219
6 220
6 126
6 128
6 129
6 132
6 133
6 134
6 193
6 195
6 140
6 143
6 145
6 146
6 149
6 152
6 153
6 156
6 157
6 159
6 233
6 161
6 162
6 198
6 222
6 199
6 166
6 167
7 168
7 8
7 9
7 171
7 14
7 15
7 16
7 17
7 18
7 172
7 21
7 24
7 28
7 173
7 30
7 33
7 224
7 35
7 174
7 37
7 38
7 40
7 41
7 42
7 43
7 44
7 175
7 176
7 50
7 51
7 53
7 55
7 177
7 58
7 178
7 59
7 226
7 63
7 64
7 65
7 180
7 69
7 70
7 72
7 75
7 77
7 79
7 81
7 82
7 83
7 84
7 87
7 88
7 182
7 89
7 183
7 90
7 91
7 93
7 95
7 96
7 97
7 99
7 101
7 102
7 103
7 104
7 187
7 203
7 211
7 234
7 235
7 109
7 112
7 230
7 236
7 113
7 231
7 115
7 118
7 119
7 190
7 124
7 125
7 237
7 191
7 220
7 213
7 192
7 130
7 132
7 133
7 135
7 137
7 194
7 139
7 141
7 142
7 144
7 145
7 146
7 197
7 147
7 150
7 151
7 154
7 214
7 159
7 160
7 233
7 221
7 161
7 162
7 199
7 165
11 200
11 168
8 11
10 11
11 15
11 16
11 17
11 21
11 22
11 25
11 26
11 173
11 30
11 32
11 35
11 36
11 39
11 40
11 41
11 42
11 46
11 48
11 53
11 54
11 177
11 60
11 62
11 63
11 64
11 180
11 68
11 69
11 71
11 75
11 76
11 77
11 79
11 80
11 82
11 84
11 85
11 86
11 182
11 89
11 183
11 185
11 96
11 97
11 98
11 101
11 102
11 104
11 106
11 109
11 112
11 113
11 189
11 115
11 116
11 119
11 120
11 121
11 122
11 124
11 133
11 134
11 135
11 194
11 140
11 143
11 144
11 196
11 197
11 150
11 151
11 155
11 159
11 160
11 161
11 163
11 198
11 166
11 167
8 211
13 211
17 211
55 211
100 211
204 211
118 211
143 211
144 211
159 211
163 211
8 170
170 209
17 170
18 170
170 172
25 170
28 170
29 170
34 170
40 170
41 170
44 170
46 170
48 170
51 170
52 170
54 170
55 170
56 170
58 170
59 170
60 170
170 202
170 226
64 170
66 170
70 170
74 170
75 170
76 170
78 170
80 170
82 170
84 170
85 170
86 170
170 182
89 170
91 170
92 170
98 170
99 170
100 170
101 170
103 170
170 187
106 170
108 170
170 204
109 170
114 170
115 170
117 170
118 170
120 170
123 170
124 170
170 220
127 170
128 170
130 170
132 170
133 170
135 170
140 170
144 170
170 196
150 170
152 170
157 170
158 170
160 170
161 170
163 170
170 198
8 13
8 18
8 29
8 32
8 38
8 40
8 42
8 44
8 55
8 60
8 64
8 180
8 66
8 69
8 71
8 73
8 75
8 181
8 82
8 83
8 88
8 89
8 92
8 95
8 96
8 97
8 105
8 234
8 228
8 109
8 231
8 115
8 116
8 118
8 122
8 123
8 138
8 144
8 149
8 154
8 159
8 161
8 164
8 199
9 10
9 12
9 171
9 209
9 14
9 15
9 16
9 239
9 17
9 18
9 20
9 22
9 24
9 26
9 28
9 29
9 173
9 30
9 32
9 33
9 35
9 37
9 46
9 50
9 51
9 201
9 55
9 177
9 57
9 60
9 226
9 63
9 64
9 65
9 67
9 68
9 69
9 70
9 71
9 78
9 181
9 81
9 82
9 85
9 87
9 182
9 89
9 183
9 90
9 95
9 96
9 98
9 99
9 186
9 217
9 187
9 106
9 107
9 211
9 228
9 229
9 114
9 115
9 116
9 117
9 118
9 122
9 207
9 212
9 219
9 220
9 192
9 128
9 129
9 130
9 132
9 134
9 136
9 138
9 139
9 140
9 141
9 143
9 196
9 146
9 197
9 147
9 149
9 151
9 154
9 155
9 157
9 160
9 162
9 163
9 164
9 166
8 10
10 12
10 18
10 19
10 20
10 21
10 22
10 24
10 33
10 224
10 35
10 38
10 41
10 42
10 44
10 47
10 48
10 50
10 51
10 52
10 53
10 55
10 177
10 57
10 178
10 179
10 59
10 60
10 202
10 226
10 62
10 63
10 227
10 65
10 69
10 70
10 72
10 73
10 74
10 75
10 78
10 181
10 80
10 81
10 84
10 87
10 182
10 90
10 91
10 92
10 93
10 184
10 185
10 97
10 99
10 186
10 102
10 217
10 203
10 108
10 204
10 188
10 228
10 110
10 230
10 114
10 115
10 117
10 118
10 190
10 123
10 208
10 124
10 125
10 126
10 192
10 128
10 131
10 135
10 193
10 138
10 139
10 140
10 143
10 197
10 147
10 148
10 149
10 150
10 151
10 152
10 153
10 154
10 156
10 161
10 222
10 166
10 167
13 200
12 13
13 171
13 209
13 16
13 17
13 18
13 19
13 172
13 23
13 24
13 25
13 26
13 173
13 31
13 33
13 216
13 34
13 36
13 38
13 40
13 43
13 45
13 46
13 176
13 51
13 53
13 54
13 55
13 56
13 225
13 177
13 57
13 58
13 178
13 59
13 202
13 226
13 61
13 62
13 180
13 71
13 72
13 74
13 75
13 76
13 77
13 78
13 79
13 80
13 81
13 82
13 84
13 85
13 182
13 183
13 92
13 93
13 98
13 99
13 101
13 186
13 103
13 217
13 104
13 187
13 108
13 204
13 228
13 230
13 236
13 113
13 206
13 189
13 114
13 115
13 116
13 120
13 121
13 123
13 124
13 125
13 237
13 219
13 191
13 238
13 126
13 127
13 133
13 134
13 135
13 137
13 138
13 139
13 140
13 232
13 141
13 143
13 144
13 196
13 149
13 150
13 151
13 152
13 154
13 214
13 155
13 158
13 159
13 160
13 161
13 165
2 24
24 168
24 209
14 24
15 24
16 24
17 24
21 24
22 24
24 25
24 26
24 27
24 173
24 30
24 31
24 32
24 33
24 34
24 35
24 38
24 41
24 44
24 175
24 47
24 49
24 50
24 51
24 53
24 54
24 55
24 177
24 59
24 60
24 61
24 62
24 63
24 64
24 180
24 66
24 70
24 72
24 73
24 74
24 75
24 77
24 80
24 83
24 84
24 86
24 183
24 90
24 94
24 184
24 185
24 100
24 101
24 186
24 187
24 105
24 106
24 107
24 110
24 112
24 240
24 118
24 120
24 122
24 207
24 123
24 124
24 125
24 237
24 192
24 128
24 129
24 131
24 133
24 134
24 135
24 137
24 193
24 142
24 143
24 146
24 150
24 151
24 153
24 154
24 155
24 157
24 158
24 160
24 161
24 162
24 198
24 167
12 200
12 171
12 239
12 17
12 18
12 172
12 21
12 26
12 27
12 28
12 38
12 39
12 175
12 46
12 49
12 54
12 55
12 57
12 58
12 178
12 59
12 61
12 63
12 227
12 65
12 68
12 72
12 74
12 76
12 78
12 80
12 82
12 84
12 86
12 88
12 182
12 91
12 92
12 97
12 100
12 101
12 186
12 102
12 105
12 106
12 107
12 234
12 235
12 111
12 112
12 118
12 119
12 120
12 121
12 212
12 191
12 213
12 127
12 129
12 130
12 135
12 137
12 193
12 138
12 141
12 144
12 147
12 148
12 150
12 151
12 155
12 156
12 163
12 164
12 166
12 167
2 171
171 200
14 171
17 171
171 210
21 171
23 171
30 171
32 171
171 216
34 171
171 174
38 171
42 171
171 175
46 171
47 171
50 171
51 171
53 171
59 171
61 171
171 227
65 171
171 180
68 171
72 171
73 171
75 171
76 171
78 171
171 181
79 171
87 171
171 182
89 171
94 171
97 171
99 171
101 171
171 186
171 187
106 171
108 171
171 204
171 211
171 188
112 171
171 230
113 171
115 171
116 171
119 171
171 218
121 171
122 171
123 171
124 171
125 171
171 220
171 213
126 171
130 171
133 171
135 171
137 171
138 171
141 171
145 171
146 171
171 197
149 171
150 171
154 171
156 171
157 171
158 171
159 171
160 171
164 171
167 171
18 25
18 29
18 30
18 34
18 40
18 44
18 175
18 45
18 46
18 47
18 54
18 57
18 202
18 61
18 63
18 64
18 180
18 69
18 83
18 84
18 85
18 91
18 93
18 95
18 98
18 99
18 101
18 217
18 105
18 106
18 108
18 204
18 234
18 109
18 111
18 116
18 118
18 122
18 123
18 124
18 213
18 126
18 128
18 131
18 137
18 141
18 144
18 149
18 150
18 154
18 159
18 160
18 163
18 164
43 168
9 43
11 43
15 43
17 43
23 43
25 43
27 43
34 43
35 43
36 43
38 43
41 43
43 45
43 46
43 176
43 48
43 49
43 54
43 55
43 177
43 58
43 178
43 59
43 227
43 68
43 72
43 75
43 77
43 81
43 82
43 83
43 85
43 86
43 182
43 90
43 91
43 92
43 93
43 96
43 98
43 100
43 101
43 104
43 187
43 106
43 188
43 109
43 112
43 115
43 121
43 123
43 124
43 220
43 128
43 131
43 133
43 135
43 139
43 140
43 141
43 145
43 197
43 156
43 158
43 159
43 161
43 162
43 167
2 14
14 200
14 209
14 17
14 20
14 172
14 23
14 26
14 27
14 28
14 173
14 32
14 34
14 35
14 40
14 48
14 50
14 53
14 55
14 177
14 57
14 58
14 178
14 61
14 227
14 180
14 67
14 69
14 70
14 71
14 72
14 73
14 75
14 76
14 77
14 181
14 79
14 81
14 83
14 84
14 85
14 88
14 182
14 183
14 91
14 93
14 94
14 96
14 99
14 100
14 217
14 104
14 108
14 204
14 188
14 111
14 112
14 230
14 206
14 117
14 118
14 119
14 120
14 218
14 121
14 125
14 212
14 191
14 132
14 133
14 135
14 136
14 140
14 141
14 142
14 143
14 196
14 147
14 150
14 151
14 152
14 155
14 157
14 158
14 159
14 162
14 163
14 164
14 166
15 168
8 15
15 19
15 20
15 172
15 22
15 26
15 27
15 29
15 33
15 34
15 174
15 37
15 38
15 40
15 41
15 42
15 45
15 47
15 48
15 50
15 51
15 52
15 53
15 54
15 56
15 58
15 59
15 63
15 65
15 66
15 70
15 72
15 75
15 78
15 79
15 81
15 82
15 84
15 86
15 88
15 89
15 93
15 94
15 185
15 97
15 101
15 104
15 106
15 203
15 108
15 228
15 110
15 229
15 113
15 115
15 121
15 212
15 219
15 127
15 192
15 128
15 132
15 133
15 136
15 137
15 138
15 194
15 139
15 143
15 144
15 146
15 197
15 148
15 150
15 151
15 152
15 214
15 155
15 156
15 157
15 158
15 159
15 160
15 167
12 16
15 16
16 22
16 26
16 29
16 173
16 30
16 39
16 44
16 46
16 48
16 50
16 177
16 57
16 58
16 59
16 64
16 71
16 72
16 73
16 75
16 181
16 82
16 85
16 88
16 182
16 183
16 92
16 184
16 95
16 96
16 97
16 98
16 99
16 105
16 109
16 110
16 112
16 113
16 206
16 115
16 116
16 120
16 121
16 126
16 128
16 130
16 132
16 133
16 135
16 136
16 138
16 139
16 140
16 142
16 143
16 146
16 147
16 151
16 152
16 156
16 157
16 160
16 161
16 162
16 163
16 164
16 165
16 167
17 200
17 168
17 209
17 19
17 172
17 23
17 25
17 27
17 29
17 31
17 32
17 33
17 224
17 34
17 174
17 38
17 39
17 40
17 44
17 175
17 176
17 48
17 52
17 53
17 54
17 55
17 179
17 59
17 60
17 202
17 226
17 62
17 63
17 64
17 65
17 180
17 67
17 68
17 69
17 70
17 72
17 76
17 77
17 181
17 79
17 81
17 83
17 84
17 86
17 87
17 182
17 90
17 91
17 92
17 93
17 94
17 184
17 95
17 100
17 186
17 217
17 104
17 105
17 203
17 107
17 108
17 204
17 109
17 113
17 206
17 115
17 116
17 117
17 118
17 120
17 218
17 207
17 123
17 237
17 219
17 191
17 128
17 131
17 132
17 133
17 136
17 138
17 194
17 195
17 232
17 141
17 143
17 146
17 197
17 147
17 148
17 149
17 150
17 151
17 152
17 154
17 156
17 157
17 160
17 161
17 162
17 222
17 199
10 172
172 210
22 172
31 172
33 172
34 172
42 172
45 172
54 172
60 172
61 172
66 172
68 172
70 172
74 172
77 172
78 172
79 172
82 172
83 172
84 172
87 172
88 172
172 183
92 172
95 172
172 242
101 172
104 172
107 172
108 172
172 204
109 172
112 172
172 206
115 172
117 172
119 172
123 172
124 172
125 172
128 172
131 172
132 172
172 193
139 172
140 172
143 172
144 172
146 172
149 172
150 172
156 172
157 172
159 172
160 172
161 172
172 222
21 168
21 210
20 21
21 22
21 23
21 27
21 28
21 173
21 30
21 31
21 32
21 33
21 37
21 39
21 41
21 45
21 176
21 49
21 50
21 53
21 56
21 225
21 177
21 59
21 202
21 63
21 227
21 180
21 68
21 71
21 74
21 75
21 77
21 181
21 79
21 80
21 81
21 82
21 84
21 85
21 86
21 87
21 182
21 183
21 93
21 96
21 97
21 101
21 102
21 103
21 217
21 105
21 107
21 108
21 204
21 109
21 111
21 112
21 236
21 113
21 231
21 115
21 117
21 118
21 120
21 121
21 122
21 124
21 125
21 212
21 220
21 213
21 126
21 192
21 128
21 130
21 131
21 132
21 135
21 137
21 195
21 141
21 142
21 144
21 196
21 197
21 154
21 155
21 156
21 157
21 158
21 233
21 198
21 164
21 165
23 26
23 33
23 34
23 174
23 41
23 42
23 44
23 176
23 177
23 202
23 61
23 65
23 69
23 71
23 72
23 75
23 76
23 77
23 79
23 84
23 89
23 91
23 95
23 100
23 101
23 187
23 105
23 204
23 109
23 111
23 112
23 113
23 120
23 121
23 122
23 212
23 191
23 129
23 131
23 133
23 193
23 140
23 141
23 142
23 143
23 144
23 145
23 197
23 151
23 152
23 155
23 160
23 161
23 162
23 164
2 25
8 25
25 210
22 25
25 26
25 27
25 32
25 33
25 34
25 36
25 37
25 39
25 41
25 42
25 44
25 45
25 50
25 55
25 56
25 177
25 57
25 178
25 61
25 64
25 180
25 66
25 68
25 70
25 75
25 77
25 78
25 83
25 85
25 87
25 88
25 89
25 90
25 92
25 93
25 94
25 184
25 185
25 96
25 97
25 100
25 102
25 105
25 108
25 211
25 228
25 109
25 110
25 113
25 206
25 116
25 117
25 119
25 121
25 122
25 207
25 123
25 124
25 127
25 132
25 133
25 136
25 137
25 138
25 139
25 140
25 141
25 151
25 152
25 155
25 156
25 157
25 158
25 159
25 160
25 162
25 163
25 198
25 164
25 222
25 165
25 167
4 28
25 28
26 28
28 32
28 36
28 174
28 38
28 46
28 47
28 48
28 54
28 55
28 57
28 179
28 59
28 61
28 65
28 70
28 71
28 73
28 75
28 79
28 81
28 84
28 88
28 92
28 95
28 97
28 99
28 101
28 104
28 105
28 109
28 113
28 115
28 116
28 118
28 121
28 122
28 123
28 124
28 125
28 128
28 129
28 132
28 133
28 134
28 136
28 137
28 138
28 152
28 155
28 159
28 161
28 198
28 167
2 162
162 168
32 162
36 162
162 174
38 162
39 162
42 162
162 175
46 162
54 162
57 162
58 162
162 178
162 202
61 162
64 162
66 162
70 162
75 162
77 162
162 181
79 162
80 162
81 162
83 162
85 162
89 162
162 183
91 162
96 162
97 162
100 162
101 162
162 186
162 187
106 162
162 204
162 188
109 162
112 162
113 162
162 206
120 162
162 218
121 162
125 162
162 220
128 162
129 162
130 162
133 162
135 162
140 162
142 162
146 162
162 197
151 162
154 162
156 162
158 162
160 162
161 162
162 164
2 26
26 223
26 200
26 168
18 26
26 173
26 33
26 174
26 38
26 39
26 40
26 44
26 46
26 47
26 176
26 54
26 56
26 225
26 177
26 58
26 178
26 59
26 64
26 68
26 69
26 70
26 74
26 75
26 76
26 77
26 181
26 79
26 81
26 83
26 84
26 85
26 86
26 87
26 88
26 89
26 90
26 91
26 92
26 93
26 184
26 96
26 97
26 98
26 100
26 101
26 186
26 104
26 187
26 105
26 106
26 204
26 188
26 230
26 116
26 121
26 207
26 124
26 128
26 129
26 130
26 131
26 132
26 133
26 134
26 135
26 138
26 141
26 142
26 143
26 144
26 196
26 197
26 147
26 151
26 152
26 153
26 155
26 157
26 161
26 163
26 164
26 165
26 166
26 167
27 239
19 27
27 210
27 29
27 30
27 31
27 33
27 224
27 35
27 38
27 39
27 41
27 175
27 50
27 51
27 52
27 59
27 226
27 227
27 180
27 66
27 241
27 68
27 72
27 75
27 76
27 77
27 79
27 81
27 84
27 87
27 88
27 182
27 89
27 183
27 90
27 91
27 93
27 94
27 98
27 99
27 100
27 101
27 102
27 103
27 104
27 105
27 203
27 107
27 108
27 234
27 188
27 111
27 112
27 229
27 113
27 115
27 116
27 117
27 118
27 121
27 190
27 207
27 124
27 125
27 212
27 219
27 191
27 220
27 213
27 238
27 126
27 132
27 133
27 134
27 136
27 194
27 139
27 142
27 144
27 197
27 154
27 156
27 157
27 158
27 159
27 160
27 161
27 163
27 222
27 199
27 165
27 166
27 167
5 29
20 29
29 30
29 32
29 38
29 42
29 46
29 55
29 59
29 64
29 69
29 70
29 75
29 76
29 77
29 81
29 95
29 100
29 108
29 204
29 115
29 122
29 194
29 143
29 149
29 152
29 154
29 155
29 158
29 159
169 173
30 173
32 173
33 173
39 173
40 173
41 173
54 173
57 173
59 173
65 173
69 173
71 173
72 173
77 173
78 173
173 181
79 173
81 173
82 173
84 173
173 183
92 173
95 173
96 173
97 173
101 173
104 173
173 187
108 173
173 204
109 173
120 173
121 173
122 173
125 173
133 173
134 173
173 194
142 173
143 173
173 197
157 173
161 173
166 173
2 32
32 168
23 32
32 33
32 34
32 35
32 38
32 40
32 42
32 175
32 176
32 50
32 53
32 225
32 58
32 178
32 59
32 64
32 65
32 68
32 69
32 71
32 74
32 78
32 79
32 82
32 85
32 87
32 91
32 94
32 184
32 95
32 96
32 99
32 100
32 217
32 104
32 187
32 105
32 106
32 204
32 228
32 110
32 112
32 236
32 113
32 189
32 116
32 117
32 118
32 121
32 125
32 191
32 220
32 127
32 129
32 130
32 135
32 136
32 137
32 138
32 141
32 143
32 145
32 146
32 148
32 150
32 152
32 154
32 155
32 156
32 157
32 159
32 160
32 161
32 198
32 166
20 33
22 33
30 33
31 33
33 34
33 36
33 174
33 38
33 39
33 41
33 42
33 44
33 175
33 47
33 49
33 53
33 55
33 58
33 178
33 59
33 226
33 61
33 62
33 63
33 64
33 65
33 66
33 68
33 69
33 70
33 72
33 73
33 74
33 76
33 77
33 78
33 181
33 79
33 80
33 82
33 84
33 85
33 86
33 88
33 182
33 89
33 183
33 90
33 92
33 93
33 184
33 95
33 185
33 96
33 97
33 242
33 100
33 101
33 102
33 217
33 104
33 187
33 105
33 106
33 203
33 243
33 108
33 204
33 235
33 188
33 228
33 109
33 112
33 236
33 113
33 114
33 231
33 115
33 119
33 120
33 121
33 122
33 190
33 123
33 208
33 125
33 213
33 192
33 128
33 129
33 130
33 131
33 132
33 133
33 134
33 136
33 193
33 138
33 194
33 139
33 232
33 141
33 142
33 143
33 144
33 146
33 149
33 150
33 152
33 153
33 155
33 156
33 157
33 158
33 159
33 160
33 161
33 198
33 164
33 222
33 199
33 165
69 168
30 69
34 69
36 69
69 174
39 69
41 69
42 69
45 69
46 69
48 69
50 69
55 69
69 177
57 69
58 69
59 69
60 69
69 202
69 226
61 69
64 69
66 69
69 71
69 74
69 77
69 78
69 181
69 79
69 83
69 84
69 85
69 89
69 183
69 92
69 93
69 94
69 184
69 95
69 185
69 96
69 98
69 101
69 186
69 104
69 105
69 106
69 203
69 107
69 243
69 108
69 211
69 228
69 109
69 110
69 112
69 240
69 236
69 205
69 206
69 115
69 116
69 118
69 119
69 120
69 218
69 190
69 123
69 208
69 212
69 192
69 130
69 131
69 132
69 133
69 134
69 136
69 137
69 138
69 139
69 140
69 143
69 144
69 145
69 196
69 146
69 147
69 150
69 151
69 153
69 156
69 159
69 161
69 164
69 165
69 167
19 34
34 210
30 34
34 35
34 39
34 40
34 42
34 44
34 175
34 46
34 47
34 176
34 49
34 50
34 58
34 179
34 59
34 60
34 202
34 62
34 63
34 64
34 65
34 66
34 73
34 74
34 76
34 181
34 80
34 82
34 83
34 89
34 90
34 92
34 93
34 94
34 185
34 99
34 101
34 217
34 107
34 110
34 205
34 206
34 114
34 115
34 119
34 218
34 122
34 123
34 124
34 125
34 212
34 220
34 213
34 128
34 131
34 132
34 133
34 135
34 136
34 138
34 139
34 140
34 142
34 143
34 144
34 145
34 196
34 197
34 148
34 149
34 150
34 152
34 214
34 155
34 156
34 160
34 161
34 163
34 199
22 93
30 93
44 93
53 93
59 93
93 227
64 93
68 93
73 93
75 93
77 93
79 93
87 93
89 93
92 93
93 95
93 100
93 101
93 104
93 187
93 109
93 116
93 118
93 119
93 120
93 121
93 122
93 124
93 125
93 134
93 135
93 138
93 194
93 143
93 146
93 161
93 167
38 200
38 168
20 38
38 224
38 41
38 44
38 175
38 46
38 53
38 58
38 202
38 61
38 63
38 227
38 65
38 66
38 70
38 71
38 72
38 74
38 78
38 181
38 80
38 82
38 84
38 85
38 87
38 90
38 92
38 94
38 184
38 95
38 100
38 101
38 186
38 102
38 217
38 104
38 187
38 106
38 203
38 107
38 204
38 211
38 188
38 228
38 109
38 112
38 113
38 205
38 206
38 120
38 218
38 121
38 122
38 190
38 207
38 123
38 125
38 220
38 126
38 129
38 130
38 131
38 132
38 133
38 136
38 137
38 140
38 141
38 142
38 143
38 144
38 196
38 146
38 149
38 152
38 153
38 154
38 156
38 157
38 160
38 233
38 161
38 198
38 167
2 39
8 39
20 39
30 39
36 39
39 174
39 40
39 41
39 44
39 45
39 176
39 48
39 54
39 56
39 178
39 60
39 202
39 61
39 64
39 68
39 70
39 71
39 74
39 76
39 77
39 79
39 81
39 82
39 83
39 84
39 86
39 87
39 88
39 89
39 90
39 92
39 184
39 95
39 185
39 96
39 97
39 100
39 186
39 102
39 103
39 104
39 187
39 107
39 108
39 204
39 211
39 110
39 111
39 112
39 114
39 116
39 117
39 119
39 121
39 190
39 124
39 213
39 238
39 128
39 129
39 131
39 132
39 133
39 134
39 136
39 193
39 138
39 140
39 141
39 143
39 144
39 146
39 147
39 151
39 152
39 153
39 156
39 160
39 233
39 161
39 163
39 198
39 164
39 165
39 166
78 223
78 168
8 78
31 78
36 78
37 78
40 78
44 78
45 78
46 78
48 78
49 78
50 78
52 78
55 78
56 78
78 177
57 78
58 78
60 78
78 202
61 78
78 180
66 78
68 78
72 78
73 78
75 78
76 78
78 82
78 83
78 84
78 87
78 183
78 90
78 91
78 92
78 93
78 94
78 95
78 96
78 98
78 99
78 100
78 101
78 186
78 103
78 217
78 104
78 106
78 107
78 204
78 211
78 228
78 109
78 112
78 116
78 119
78 120
78 121
78 190
78 126
78 192
78 130
78 132
78 134
78 135
78 136
78 137
78 193
78 138
78 194
78 141
78 144
78 145
78 196
78 197
78 147
78 149
78 150
78 151
78 152
78 154
78 156
78 158
78 159
78 215
78 198
78 164
78 222
78 199
78 165
2 41
41 210
22 41
29 41
36 41
41 174
40 41
41 42
41 44
41 45
41 176
41 48
41 50
41 53
41 54
41 55
41 56
41 58
41 178
41 179
41 61
41 64
41 180
41 66
41 68
41 73
41 75
41 77
41 79
41 82
41 84
41 85
41 86
41 182
41 89
41 90
41 91
41 92
41 184
41 96
41 97
41 98
41 100
41 101
41 104
41 187
41 204
41 211
41 228
41 109
41 110
41 112
41 240
41 113
41 114
41 116
41 118
41 119
41 120
41 121
41 122
41 124
41 237
41 213
41 129
41 130
41 131
41 133
41 139
41 140
41 141
41 142
41 143
41 197
41 150
41 153
41 155
41 157
41 159
41 164
42 209
42 239
20 42
22 42
30 42
42 224
36 42
42 174
40 42
42 175
42 45
42 46
42 47
42 49
42 52
42 53
42 54
42 55
42 225
42 57
42 178
42 179
42 59
42 226
42 61
42 62
42 70
42 75
42 77
42 83
42 84
42 87
42 182
42 92
42 94
42 184
42 185
42 97
42 98
42 100
42 101
42 102
42 103
42 217
42 203
42 107
42 108
42 204
42 211
42 234
42 188
42 240
42 230
42 205
42 206
42 231
42 116
42 117
42 118
42 218
42 121
42 122
42 123
42 124
42 125
42 237
42 219
42 220
42 238
42 126
42 127
42 192
42 130
42 131
42 135
42 136
42 139
42 195
42 140
42 232
42 145
42 197
42 147
42 148
42 149
42 152
42 153
42 154
42 156
42 157
42 158
42 159
42 233
42 163
42 167
44 209
20 44
30 44
31 44
44 224
44 174
37 44
44 175
44 47
44 176
44 49
44 50
44 54
44 55
44 56
44 225
44 177
44 57
44 178
44 59
44 202
44 226
44 62
44 63
44 227
44 65
44 180
44 66
44 68
44 72
44 75
44 181
44 79
44 80
44 81
44 82
44 85
44 182
44 89
44 90
44 94
44 95
44 96
44 102
44 217
44 104
44 106
44 203
44 107
44 108
44 204
44 211
44 234
44 188
44 111
44 240
44 113
44 206
44 115
44 116
44 120
44 218
44 190
44 123
44 125
44 237
44 213
44 127
44 128
44 136
44 194
44 139
44 195
44 140
44 232
44 143
44 144
44 146
44 197
44 154
44 159
44 160
44 221
44 161
44 163
44 198
44 199
44 165
44 166
44 167
45 223
45 200
16 45
45 239
23 45
30 45
31 45
35 45
45 174
37 45
45 175
45 46
45 176
45 49
45 50
45 53
45 54
45 55
45 56
45 225
45 177
45 57
45 178
45 59
45 61
45 62
45 63
45 227
45 64
45 65
45 180
45 68
45 72
45 73
45 74
45 75
45 77
45 80
45 86
45 92
45 94
45 95
45 185
45 97
45 99
45 102
45 103
45 187
45 105
45 106
45 108
45 211
45 110
45 231
45 116
45 121
45 124
45 125
45 212
45 191
45 220
45 213
45 192
45 131
45 133
45 135
45 194
45 140
45 141
45 142
45 143
45 144
45 146
45 148
45 150
45 151
45 152
45 153
45 156
45 157
45 158
45 159
45 161
45 163
45 164
45 199
45 165
45 166
46 209
22 46
46 47
46 176
46 48
46 49
46 50
46 54
46 57
46 58
46 226
46 63
46 64
46 180
46 66
46 71
46 73
46 77
46 181
46 80
46 81
46 82
46 83
46 86
46 182
46 183
46 90
46 92
46 94
46 185
46 96
46 98
46 99
46 100
46 102
46 104
46 187
46 106
46 107
46 108
46 211
46 109
46 205
46 206
46 117
46 118
46 218
46 207
46 123
46 191
46 220
46 213
46 126
46 127
46 192
46 128
46 131
46 132
46 135
46 137
46 194
46 139
46 232
46 144
46 145
46 146
46 147
46 149
46 150
46 155
46 158
46 161
46 164
46 165
47 209
20 47
47 172
29 47
47 173
47 224
37 47
47 175
47 48
47 54
47 55
47 56
47 58
47 63
47 71
47 72
47 73
47 75
47 76
47 77
47 78
47 79
47 81
47 85
47 182
47 89
47 92
47 94
47 184
47 96
47 98
47 100
47 186
47 217
47 187
47 105
47 203
47 204
47 228
47 110
47 113
47 231
47 118
47 119
47 120
47 123
47 191
47 213
47 126
47 192
47 128
47 129
47 130
47 131
47 132
47 133
47 134
47 135
47 136
47 138
47 145
47 146
47 197
47 149
47 150
47 151
47 153
47 154
47 155
47 156
47 158
47 159
47 160
47 198
47 164
47 222
10 158
158 209
30 158
35 158
36 158
40 158
158 176
48 158
49 158
50 158
54 158
158 177
158 178
158 179
59 158
60 158
158 202
61 158
63 158
65 158
70 158
72 158
73 158
75 158
76 158
77 158
79 158
81 158
83 158
84 158
88 158
89 158
91 158
93 158
95 158
158 185
98 158
99 158
102 158
103 158
105 158
158 243
108 158
109 158
111 158
112 158
158 240
114 158
116 158
121 158
123 158
124 158
125 158
158 212
158 219
158 238
128 158
133 158
136 158
137 158
158 193
138 158
139 158
140 158
141 158
142 158
144 158
158 196
149 158
150 158
152 158
158 159
158 160
158 161
158 164
158 199
158 166
1 244
3 244
169 244
170 244
5 244
6 244
8 244
10 244
11 244
171 244
14 244
239 244
17 244
18 244
19 244
210 244
22 244
25 244
27 244
28 244
29 244
173 244
32 244
33 244
34 244
36 244
40 244
43 244
47 244
49 244
53 244
56 244
225 244
177 244
58 244
178 244
179 244
60 244
202 244
62 244
64 244
65 244
68 244
69 244
71 244
72 244
74 244
76 244
78 244
181 244
79 244
80 244
81 244
84 244
85 244
87 244
182 244
183 244
90 244
93 244
94 244
184 244
95 244
100 244
101 244
186 244
103 244
104 244
107 244
204 244
211 244
234 244
235 244
188 244
111 244
112 244
240 244
229 244
230 244
113 244
206 244
231 244
115 244
116 244
118 244
120 244
190 244
207 244
123 244
125 244
212 244
237 244
219 244
220 244
238 244
128 244
130 244
132 244
133 244
134 244
136 244
138 244
142 244
144 244
145 244
196 244
146 244
148 244
150 244
151 244
152 244
154 244
156 244
158 244
233 244
161 244
163 244
164 244
199 244
165 244
167 244
48 168
18 48
48 216
48 174
40 48
48 175
48 54
48 177
48 178
48 60
48 202
48 61
48 63
48 64
48 65
48 68
48 71
48 76
48 181
48 79
48 81
48 86
48 183
48 90
48 91
48 92
48 97
48 101
48 102
48 105
48 108
48 109
48 110
48 112
48 113
48 115
48 118
48 122
48 123
48 125
48 212
48 126
48 192
48 129
48 133
48 135
48 136
48 137
48 138
48 194
48 139
48 140
48 143
48 145
48 197
48 148
48 150
48 151
48 155
48 160
48 161
48 165
48 166
48 167
8 50
50 210
22 50
23 50
28 50
50 173
50 224
50 174
50 55
50 56
50 177
50 59
50 60
50 202
50 62
50 227
50 66
50 68
50 70
50 71
50 74
50 77
50 181
50 81
50 85
50 86
50 89
50 90
50 91
50 92
50 93
50 94
50 96
50 97
50 98
50 100
50 186
50 102
50 103
50 217
50 104
50 105
50 211
50 234
50 188
50 110
50 112
50 236
50 114
50 231
50 115
50 116
50 118
50 120
50 123
50 124
50 125
50 212
50 237
50 219
50 220
50 128
50 130
50 131
50 134
50 135
50 136
50 194
50 140
50 141
50 142
50 143
50 144
50 145
50 196
50 146
50 152
50 155
50 157
50 159
50 160
50 233
50 166
2 53
53 200
8 53
19 53
53 216
40 53
48 53
51 53
53 55
53 56
53 59
53 226
53 180
53 67
53 71
53 73
53 74
53 76
53 77
53 181
53 183
53 94
53 184
53 185
53 97
53 101
53 104
53 106
53 203
53 108
53 188
53 228
53 109
53 110
53 114
53 115
53 116
53 119
53 120
53 121
53 122
53 190
53 207
53 125
53 219
53 220
53 126
53 127
53 128
53 129
53 134
53 136
53 137
53 193
53 138
53 141
53 143
53 144
53 146
53 197
53 149
53 154
53 156
53 158
53 160
53 233
53 161
53 199
53 167
54 223
54 239
54 210
22 54
30 54
31 54
36 54
37 54
54 175
54 176
49 54
54 56
54 225
54 178
54 59
54 60
54 202
54 66
54 241
54 68
54 70
54 72
54 75
54 77
54 80
54 84
54 87
54 88
54 182
54 89
54 183
54 92
54 184
54 95
54 185
54 97
54 99
54 100
54 101
54 187
54 105
54 106
54 203
54 107
54 108
54 204
54 211
54 109
54 236
54 113
54 189
54 114
54 115
54 116
54 118
54 119
54 121
54 122
54 190
54 207
54 123
54 125
54 212
54 219
54 191
54 213
54 238
54 126
54 127
54 192
54 128
54 130
54 132
54 135
54 137
54 193
54 138
54 139
54 195
54 140
54 142
54 143
54 145
54 196
54 197
54 147
54 148
54 152
54 153
54 214
54 155
54 157
54 233
54 167
55 168
55 209
55 239
20 55
22 55
55 216
35 55
36 55
40 55
55 176
51 55
55 177
55 58
55 178
55 179
55 59
55 60
55 226
55 61
55 62
55 63
55 180
55 67
55 68
55 70
55 72
55 74
55 75
55 77
55 79
55 80
55 83
55 84
55 86
55 87
55 88
55 89
55 183
55 91
55 185
55 98
55 100
55 101
55 102
55 217
55 104
55 187
55 106
55 108
55 204
55 234
55 109
55 229
55 113
55 189
55 114
55 115
55 116
55 117
55 218
55 121
55 122
55 124
55 125
55 237
55 219
55 220
55 238
55 126
55 127
55 128
55 130
55 132
55 133
55 134
55 137
55 138
55 139
55 143
55 144
55 196
55 147
55 148
55 151
55 152
55 153
55 214
55 155
55 159
55 161
55 164
55 199
55 165
55 166
2 56
3 56
56 200
56 168
18 56
20 56
24 56
40 56
56 176
56 57
56 59
56 63
56 64
56 65
56 180
56 69
56 70
56 71
56 73
56 75
56 181
56 79
56 80
56 83
56 84
56 88
56 89
56 91
56 94
56 96
56 97
56 98
56 99
56 102
56 103
56 104
56 107
56 228
56 110
56 112
56 240
56 229
56 113
56 115
56 116
56 117
56 121
56 124
56 212
56 191
56 128
56 129
56 131
56 132
56 134
56 135
56 136
56 137
56 139
56 140
56 141
56 143
56 144
56 146
56 197
56 149
56 150
56 151
56 152
56 156
56 157
56 158
56 159
56 161
56 167
58 168
18 58
30 58
36 58
58 60
58 65
58 71
58 72
58 76
58 77
58 181
58 79
58 81
58 82
58 84
58 86
58 91
58 95
58 100
58 101
58 186
58 104
58 105
58 107
58 109
58 115
58 116
58 120
58 122
58 124
58 125
58 128
58 129
58 131
58 132
58 133
58 134
58 136
58 194
58 139
58 145
58 149
58 152
58 153
58 155
58 160
58 161
58 163
58 166
58 167
59 200
59 168
59 210
22 59
30 59
59 216
59 175
59 177
57 59
59 178
59 60
59 226
59 62
59 63
59 64
59 66
59 67
59 68
59 70
59 72
59 75
59 76
59 77
59 181
59 79
59 83
59 84
59 85
59 87
59 182
59 89
59 183
59 91
59 92
59 94
59 184
59 95
59 100
59 101
59 186
59 102
59 103
59 203
59 108
59 204
59 211
59 234
59 235
59 188
59 110
59 111
59 229
59 230
59 236
59 113
59 206
59 189
59 114
59 116
59 117
59 120
59 121
59 122
59 190
59 207
59 123
59 124
59 125
59 219
59 191
59 213
59 238
59 126
59 128
59 130
59 131
59 132
59 133
59 134
59 135
59 136
59 137
59 138
59 139
59 195
59 141
59 143
59 144
59 196
59 146
59 147
59 148
59 150
59 152
59 155
59 157
59 159
59 160
59 233
59 161
59 163
59 198
59 199
59 167
61 168
31 61
61 224
36 61
37 61
61 201
61 177
61 179
60 61
61 202
61 226
61 62
61 63
61 65
61 68
61 70
61 71
61 72
61 75
61 77
61 82
61 83
61 86
61 87
61 91
61 94
61 99
61 100
61 186
61 103
61 104
61 187
61 106
61 107
61 108
61 211
61 234
61 188
61 109
61 110
61 236
61 113
61 189
61 231
61 115
61 121
61 124
61 212
61 191
61 126
61 127
61 192
61 131
61 133
61 134
61 135
61 136
61 137
61 193
61 195
61 141
61 142
61 143
61 196
61 146
61 150
61 151
61 152
61 153
61 155
61 159
61 161
61 163
61 164
61 222
61 165
2 62
3 62
4 62
12 62
21 62
22 62
25 62
26 62
32 62
62 174
40 62
62 71
62 72
62 76
62 77
62 181
62 79
62 80
62 81
62 84
62 85
62 87
62 91
62 92
62 96
62 97
62 99
62 100
62 104
62 106
62 204
62 109
62 113
62 115
62 117
62 120
62 121
62 124
62 125
62 130
62 132
62 136
62 139
62 141
62 143
62 144
62 151
62 152
62 157
62 160
62 233
62 161
62 167
64 200
20 64
64 224
36 64
64 174
64 175
57 64
64 202
63 64
64 227
64 65
64 66
64 70
64 71
64 74
64 75
64 76
64 77
64 79
64 80
64 84
64 85
64 87
64 88
64 90
64 95
64 97
64 100
64 186
64 217
64 187
64 106
64 107
64 108
64 204
64 188
64 109
64 110
64 112
64 229
64 113
64 189
64 117
64 118
64 122
64 123
64 212
64 191
64 126
64 130
64 131
64 133
64 135
64 138
64 139
64 140
64 141
64 142
64 145
64 149
64 150
64 152
64 154
64 155
64 156
64 160
64 161
64 163
65 223
26 65
40 65
65 176
65 177
60 65
65 202
65 70
65 76
65 80
65 81
65 82
65 88
65 89
65 183
65 91
65 92
65 93
65 94
65 96
65 97
65 101
65 105
65 108
65 188
65 111
65 113
65 116
65 119
65 120
65 121
65 212
65 133
65 136
65 193
65 194
65 139
65 143
65 145
65 146
65 197
65 151
65 152
65 156
65 157
65 160
65 161
65 163
65 166
65 167
168 180
26 180
28 180
36 180
40 180
175 180
58 180
180 202
63 180
180 227
65 180
68 180
71 180
72 180
73 180
77 180
82 180
83 180
84 180
85 180
89 180
91 180
95 180
99 180
100 180
104 180
106 180
107 180
180 204
180 211
180 188
109 180
180 206
115 180
119 180
121 180
180 191
180 220
180 213
128 180
129 180
130 180
137 180
138 180
180 194
142 180
143 180
146 180
147 180
150 180
154 180
156 180
159 180
161 180
163 180
164 180
68 174
40 68
68 176
68 178
68 179
60 68
65 68
68 70
68 72
68 73
68 75
68 76
68 77
68 181
68 82
68 84
68 183
68 92
68 96
68 97
68 99
68 100
68 101
68 107
68 108
68 109
68 110
68 113
68 115
68 120
68 122
68 125
68 130
68 132
68 135
68 136
68 193
68 138
68 139
68 140
68 141
68 143
68 144
68 145
68 150
68 151
68 152
68 155
68 156
68 161
68 163
68 164
70 210
20 70
22 70
30 70
70 174
37 70
40 70
70 175
70 176
49 70
70 225
57 70
66 70
70 71
70 73
70 75
70 77
70 83
70 86
70 87
70 88
70 182
70 89
70 91
70 92
70 184
70 185
70 96
70 99
70 102
70 104
70 187
70 106
70 204
70 211
70 235
70 228
70 109
70 111
70 112
70 117
70 118
70 119
70 120
70 121
70 122
70 190
70 207
70 123
70 124
70 125
70 237
70 219
70 220
70 213
70 126
70 129
70 130
70 131
70 132
70 135
70 193
70 194
70 141
70 142
70 143
70 145
70 146
70 197
70 150
70 151
70 155
70 221
70 198
70 164
70 167
4 71
22 71
29 71
35 71
51 71
57 71
60 71
71 202
67 71
71 72
71 73
71 79
71 81
71 84
71 85
71 88
71 183
71 90
71 92
71 93
71 94
71 95
71 98
71 101
71 104
71 107
71 108
71 109
71 110
71 113
71 115
71 118
71 119
71 120
71 121
71 123
71 124
71 127
71 132
71 134
71 135
71 136
71 137
71 141
71 197
71 149
71 150
71 153
71 157
71 160
71 161
71 164
71 166
133 223
133 200
133 168
133 210
20 133
22 133
30 133
31 133
133 216
35 133
36 133
133 174
37 133
40 133
133 176
49 133
52 133
133 225
133 177
133 178
60 133
133 202
63 133
66 133
67 133
72 133
74 133
76 133
77 133
133 181
79 133
84 133
86 133
89 133
133 183
91 133
92 133
133 184
95 133
96 133
99 133
101 133
133 186
104 133
133 187
105 133
108 133
109 133
110 133
112 133
133 229
133 230
133 189
133 231
115 133
116 133
117 133
118 133
133 190
133 207
123 133
124 133
125 133
133 220
133 213
133 238
127 133
128 133
129 133
130 133
133 134
133 137
133 138
133 139
133 140
133 143
133 144
133 146
133 147
133 149
133 150
133 151
133 154
133 155
133 159
133 160
133 161
133 163
133 164
133 165
72 200
20 72
22 72
30 72
31 72
72 224
37 72
40 72
72 176
49 72
72 201
72 179
72 202
72 226
72 227
72 74
72 77
72 79
72 80
72 81
72 84
72 85
72 87
72 88
72 182
72 91
72 92
72 94
72 184
72 95
72 96
72 98
72 100
72 101
72 186
72 102
72 103
72 187
72 203
72 107
72 108
72 204
72 211
72 109
72 110
72 111
72 112
72 229
72 205
72 189
72 115
72 116
72 117
72 118
72 119
72 121
72 124
72 212
72 126
72 127
72 192
72 128
72 130
72 132
72 134
72 137
72 138
72 194
72 139
72 146
72 197
72 147
72 148
72 152
72 153
72 154
72 159
72 160
72 161
72 164
72 199
72 165
73 74
74 88
74 167
75 239
19 75
20 75
30 75
31 75
75 224
35 75
37 75
75 175
75 176
49 75
52 75
75 201
75 225
75 177
57 75
75 178
60 75
75 226
63 75
73 75
74 75
75 76
75 181
75 79
75 82
75 84
75 85
75 182
75 90
75 94
75 95
75 185
75 98
75 101
75 217
75 104
75 106
75 108
75 204
75 188
75 110
75 111
75 112
75 240
75 236
75 205
75 206
75 189
75 114
75 231
75 115
75 118
75 119
75 218
75 121
75 207
75 125
75 212
75 237
75 220
75 213
75 126
75 127
75 128
75 129
75 130
75 131
75 132
75 134
75 136
75 137
75 138
75 139
75 141
75 142
75 144
75 146
75 197
75 148
75 149
75 150
75 152
75 154
75 155
75 156
75 159
75 161
75 163
75 199
75 165
75 166
76 223
31 76
36 76
40 76
76 175
57 76
66 76
76 181
76 84
76 86
76 182
76 92
76 96
76 242
76 98
76 101
76 186
76 103
76 106
76 107
76 243
76 108
76 228
76 110
76 111
76 236
76 113
76 189
76 115
76 116
76 118
76 119
76 121
76 190
76 208
76 125
76 191
76 220
76 126
76 127
76 132
76 134
76 136
76 137
76 193
76 138
76 195
76 142
76 143
76 196
76 146
76 149
76 152
76 154
76 155
76 156
76 157
76 161
76 163
76 164
76 199
76 167
20 77
30 77
77 216
35 77
36 77
49 77
77 201
77 178
77 179
60 77
77 202
63 77
66 77
77 79
77 81
77 83
77 84
77 85
77 87
77 88
77 183
77 94
77 95
77 185
77 96
77 97
77 101
77 217
77 104
77 105
77 106
77 203
77 107
77 108
77 211
77 235
77 188
77 228
77 110
77 111
77 240
77 189
77 114
77 231
77 115
77 116
77 118
77 121
77 122
77 190
77 124
77 125
77 212
77 237
77 191
77 220
77 126
77 128
77 129
77 130
77 132
77 136
77 193
77 138
77 194
77 139
77 195
77 140
77 141
77 142
77 143
77 144
77 197
77 148
77 151
77 152
77 154
77 159
77 160
77 233
77 221
77 161
77 163
77 198
77 222
77 199
77 165
77 166
40 181
63 181
73 181
79 181
91 181
100 181
102 181
181 217
105 181
107 181
181 204
115 181
118 181
119 181
123 181
181 213
128 181
134 181
135 181
136 181
143 181
144 181
150 181
159 181
167 181
20 79
22 79
31 79
35 79
36 79
79 174
79 175
79 177
79 178
60 79
79 202
63 79
74 79
79 80
79 81
79 84
79 86
79 88
79 182
79 89
79 90
79 91
79 95
79 185
79 98
79 99
79 100
79 101
79 186
79 102
79 104
79 107
79 243
79 108
79 188
79 228
79 109
79 111
79 236
79 113
79 189
79 114
79 116
79 117
79 118
79 119
79 120
79 122
79 190
79 207
79 123
79 124
79 125
79 219
79 220
79 128
79 129
79 134
79 135
79 136
79 137
79 193
79 138
79 139
79 195
79 140
79 144
79 145
79 146
79 197
79 147
79 148
79 149
79 150
79 151
79 153
79 214
79 156
79 159
79 160
79 161
79 164
79 165
79 166
79 167
80 168
4 80
8 80
9 80
80 209
20 80
22 80
23 80
29 80
31 80
80 174
40 80
43 80
80 176
80 177
80 179
60 80
74 80
80 81
80 82
80 84
80 86
80 89
80 183
80 94
80 95
80 185
80 96
80 98
80 100
80 186
80 104
80 187
80 105
80 109
80 112
80 229
80 189
80 114
80 115
80 119
80 121
80 122
80 124
80 125
80 212
80 220
80 130
80 131
80 132
80 134
80 135
80 136
80 137
80 139
80 140
80 232
80 143
80 144
80 145
80 146
80 154
80 155
80 156
80 157
80 161
80 165
80 166
22 81
35 81
40 81
49 81
57 81
60 81
66 81
81 181
81 84
81 86
81 88
81 89
81 183
81 92
81 96
81 97
81 98
81 186
81 187
81 106
81 107
81 109
81 112
81 113
81 115
81 121
81 122
81 123
81 128
81 132
81 134
81 135
81 137
81 194
81 143
81 144
81 145
81 196
81 146
81 155
81 156
81 157
81 159
81 163
81 165
81 166
81 167
173 226
30 226
175 226
67 226
84 226
95 226
101 226
108 226
226 228
109 226
226 240
206 226
189 226
120 226
138 226
143 226
144 226
151 226
214 226
156 226
159 226
161 226
199 226
167 226
2 85
4 85
8 85
85 210
20 85
22 85
28 85
35 85
36 85
37 85
40 85
85 175
85 179
85 227
73 85
74 85
85 181
84 85
85 86
85 87
85 91
85 92
85 93
85 94
85 95
85 185
85 97
85 101
85 102
85 104
85 105
85 106
85 203
85 243
85 108
85 204
85 211
85 188
85 110
85 111
85 113
85 116
85 117
85 118
85 119
85 121
85 122
85 207
85 124
85 125
85 212
85 191
85 127
85 129
85 131
85 135
85 136
85 137
85 138
85 139
85 140
85 232
85 141
85 196
85 146
85 148
85 151
85 152
85 214
85 157
85 159
85 215
85 199
85 167
20 86
86 175
60 86
64 86
66 86
68 86
71 86
82 86
83 86
84 86
86 88
86 183
86 91
86 94
86 184
86 97
86 99
86 186
86 103
86 104
86 105
86 109
86 110
86 111
86 115
86 122
86 123
86 124
86 125
86 134
86 137
86 193
86 139
86 140
86 146
86 150
86 151
86 152
86 153
86 156
86 157
86 158
86 159
86 160
86 198
86 165
22 87
30 87
40 87
66 87
81 87
83 87
87 89
87 94
87 95
87 101
87 105
87 106
87 108
87 109
87 115
87 116
87 120
87 121
87 125
87 128
87 136
87 143
87 144
87 197
87 150
87 159
87 160
87 161
87 163
87 165
2 89
89 172
22 89
31 89
35 89
37 89
89 175
52 89
89 225
89 177
57 89
89 202
89 227
73 89
82 89
83 89
89 91
89 92
89 94
89 95
89 185
89 97
89 98
89 100
89 186
89 187
89 106
89 107
89 204
89 188
89 228
89 110
89 112
89 118
89 120
89 190
89 124
89 125
89 219
89 126
89 127
89 192
89 131
89 132
89 134
89 136
89 193
89 139
89 140
89 141
89 143
89 145
89 149
89 150
89 151
89 152
89 156
89 159
89 160
89 233
89 163
89 198
89 166
89 167
91 168
8 91
91 210
20 91
22 91
29 91
30 91
36 91
91 174
37 91
40 91
91 175
91 225
57 91
60 91
91 202
63 91
66 91
73 91
74 91
84 91
87 91
91 182
91 92
91 94
91 184
91 96
91 97
91 98
91 101
91 104
91 234
91 188
91 110
91 112
91 236
91 113
91 118
91 122
91 237
91 191
91 126
91 131
91 132
91 134
91 135
91 193
91 138
91 195
91 140
91 142
91 143
91 151
91 157
91 159
91 160
91 161
91 198
91 164
91 165
91 166
91 167
92 200
92 168
92 209
92 239
18 92
19 92
30 92
92 216
92 224
35 92
92 174
37 92
40 92
51 92
60 92
92 202
92 227
67 92
73 92
74 92
82 92
84 92
88 92
92 182
92 183
92 184
92 96
92 98
92 99
92 100
92 186
92 102
92 105
92 203
92 107
92 108
92 109
92 110
92 240
92 236
92 114
92 116
92 117
92 118
92 122
92 190
92 123
92 125
92 212
92 219
92 238
92 126
92 130
92 131
92 134
92 135
92 194
92 139
92 140
92 143
92 145
92 146
92 197
92 151
92 152
92 214
92 155
92 157
92 160
92 163
92 198
92 164
92 167
2 94
94 223
94 200
94 168
19 94
35 94
94 225
57 94
58 94
60 94
94 202
94 226
66 94
73 94
74 94
94 181
83 94
94 95
94 185
94 97
94 99
94 101
94 187
94 107
94 109
94 110
94 112
94 240
94 113
94 231
94 119
94 218
94 121
94 124
94 125
94 212
94 191
94 127
94 132
94 134
94 135
94 136
94 137
94 194
94 142
94 145
94 149
94 150
94 151
94 152
94 154
94 156
94 157
94 161
94 163
94 198
94 222
94 165
94 166
94 167
1 184
168 184
19 184
184 210
30 184
184 224
36 184
174 184
49 184
178 184
60 184
184 202
68 184
181 184
83 184
88 184
182 184
90 184
95 184
97 184
99 184
100 184
104 184
105 184
106 184
108 184
112 184
118 184
119 184
184 212
184 219
130 184
131 184
134 184
136 184
137 184
184 194
139 184
143 184
146 184
147 184
149 184
156 184
159 184
161 184
184 198
164 184
95 200
95 168
95 209
95 210
31 95
95 216
95 224
37 95
95 175
95 176
49 95
95 177
57 95
95 179
60 95
95 241
82 95
84 95
95 182
95 183
90 95
95 96
95 97
95 99
95 101
95 186
95 102
95 104
95 187
95 106
95 108
95 234
95 109
95 111
95 112
95 113
95 205
95 189
95 116
95 118
95 120
95 121
95 122
95 190
95 123
95 219
95 191
95 213
95 127
95 192
95 132
95 134
95 135
95 136
95 138
95 139
95 140
95 232
95 141
95 144
95 146
95 197
95 149
95 151
95 153
95 214
95 161
95 163
95 198
95 164
95 222
95 199
95 166
8 185
171 185
30 185
40 185
64 185
73 185
88 185
183 185
97 185
99 185
104 185
108 185
109 185
110 185
113 185
115 185
116 185
120 185
121 185
123 185
124 185
131 185
134 185
137 185
138 185
139 185
143 185
152 185
160 185
161 185
97 210
20 97
22 97
29 97
31 97
97 224
97 174
97 175
49 97
97 177
97 202
66 97
73 97
74 97
82 97
84 97
88 97
97 182
97 183
90 97
97 98
97 99
97 101
97 102
97 103
97 104
97 187
97 106
97 204
97 228
97 111
97 112
97 113
97 114
97 115
97 116
97 118
97 119
97 121
97 190
97 123
97 124
97 125
97 219
97 126
97 128
97 129
97 131
97 136
97 193
97 138
97 195
97 140
97 141
97 145
97 146
97 149
97 154
97 155
97 159
97 233
97 161
97 163
97 198
97 165
2 99
8 99
22 99
31 99
35 99
36 99
37 99
40 99
99 176
99 201
99 177
57 99
99 178
60 99
63 99
99 227
66 99
74 99
83 99
84 99
87 99
88 99
99 182
99 183
93 99
99 100
99 186
99 102
99 104
99 187
99 204
99 109
99 110
99 111
99 205
99 206
99 115
99 116
99 119
99 121
99 122
99 123
99 125
99 212
99 219
99 191
99 220
99 213
99 127
99 134
99 135
99 137
99 138
99 139
99 141
99 144
99 145
99 197
99 147
99 151
99 155
99 159
99 161
99 163
99 198
99 165
100 209
20 100
22 100
100 173
30 100
31 100
100 224
35 100
37 100
40 100
100 175
100 176
49 100
52 100
100 225
100 178
66 100
73 100
84 100
98 100
100 101
100 186
100 102
100 103
100 187
100 105
100 106
100 203
100 108
100 228
100 109
100 110
100 112
100 113
100 205
100 114
100 118
100 120
100 218
100 121
100 122
100 190
100 207
100 124
100 212
100 219
100 213
100 238
100 126
100 192
100 130
100 137
100 194
100 139
100 232
100 141
100 144
100 197
100 151
100 152
100 153
100 154
100 155
100 156
100 157
100 160
100 161
100 163
100 198
100 164
100 222
100 165
2 186
1 186
170 186
20 186
172 186
22 186
23 186
175 186
186 202
67 186
68 186
82 186
83 186
93 186
94 186
101 186
104 186
106 186
186 204
116 186
117 186
122 186
124 186
128 186
131 186
134 186
136 186
137 186
186 193
138 186
142 186
149 186
150 186
151 186
155 186
156 186
161 186
163 186
186 198
164 186
167 186
2 103
8 103
103 209
18 103
20 103
22 103
25 103
26 103
28 103
30 103
32 103
34 103
36 103
103 174
40 103
43 103
103 175
48 103
51 103
67 103
83 103
85 103
87 103
93 103
103 185
99 103
102 103
103 104
103 106
103 203
103 107
103 228
103 112
103 117
103 120
103 121
103 122
103 190
103 124
103 129
103 131
103 132
103 194
103 140
103 232
103 141
103 147
103 149
103 150
103 153
103 154
103 214
103 156
103 157
103 161
103 167
104 200
22 104
30 104
36 104
104 174
37 104
40 104
104 175
104 177
104 178
104 179
63 104
67 104
82 104
90 104
98 104
101 104
102 104
104 217
104 106
104 108
104 204
104 211
104 228
104 112
104 113
104 206
104 231
104 118
104 120
104 218
104 190
104 124
104 191
104 213
104 127
104 130
104 132
104 134
104 136
104 139
104 141
104 143
104 144
104 146
104 147
104 150
104 151
104 153
104 156
104 157
104 159
104 161
104 163
104 198
104 222
104 166
2 187
187 200
20 187
29 187
187 216
36 187
40 187
175 187
176 187
56 187
57 187
58 187
60 187
187 202
67 187
73 187
74 187
82 187
83 187
84 187
86 187
88 187
90 187
105 187
108 187
187 204
187 188
110 187
111 187
113 187
187 205
187 231
115 187
116 187
118 187
187 218
122 187
187 190
187 207
123 187
124 187
187 212
187 238
127 187
128 187
130 187
134 187
135 187
187 193
187 194
139 187
187 232
143 187
144 187
146 187
187 197
151 187
187 214
156 187
161 187
163 187
165 187
4 22
8 22
12 22
18 22
19 22
20 22
22 28
22 30
22 31
22 37
22 40
22 177
22 57
22 178
22 63
22 65
22 180
22 66
22 84
22 88
22 98
22 101
22 102
22 108
22 204
22 188
22 109
22 113
22 118
22 120
22 122
22 190
22 125
22 128
22 129
22 130
22 135
22 136
22 137
22 138
22 194
22 140
22 141
22 143
22 146
22 197
22 147
22 152
22 155
22 156
22 159
22 161
22 222
22 199
22 165
22 167
20 106
22 106
29 106
35 106
106 174
37 106
106 175
106 177
57 106
58 106
106 178
60 106
106 226
65 106
66 106
68 106
73 106
74 106
106 181
82 106
106 183
98 106
106 107
106 204
106 211
106 188
106 228
106 229
106 230
106 116
106 119
106 120
106 124
106 125
106 219
106 220
106 213
106 126
106 128
106 129
106 131
106 134
106 135
106 138
106 143
106 144
106 146
106 197
106 147
106 149
106 151
106 152
106 154
106 159
106 160
106 161
106 163
106 198
106 222
106 167
107 169
8 107
18 107
20 107
107 173
30 107
31 107
107 224
40 107
60 107
73 107
74 107
107 183
101 107
102 107
107 187
107 109
107 112
107 229
107 113
107 115
107 117
107 118
107 120
107 121
107 207
107 124
107 125
107 212
107 220
107 127
107 192
107 128
107 130
107 131
107 135
107 136
107 137
107 193
107 194
107 139
107 140
107 145
107 146
107 151
107 152
107 155
107 159
107 160
107 161
107 166
108 168
108 209
108 239
108 210
20 108
31 108
35 108
108 175
108 176
49 108
108 225
108 178
63 108
108 227
66 108
73 108
74 108
82 108
84 108
90 108
96 108
108 217
108 204
108 235
108 188
108 228
108 111
108 112
108 229
108 230
108 113
108 206
108 189
108 114
108 231
108 115
108 117
108 120
108 121
108 123
108 124
108 125
108 237
108 219
108 191
108 220
108 213
108 238
108 126
108 127
108 129
108 130
108 132
108 134
108 135
108 136
108 138
108 139
108 140
108 232
108 141
108 143
108 144
108 196
108 146
108 147
108 148
108 152
108 156
108 157
108 159
108 160
108 233
108 161
108 163
108 198
108 165
108 167
1 188
188 200
168 188
170 188
8 188
12 188
188 209
188 210
29 188
35 188
39 188
40 188
175 188
48 188
177 188
60 188
188 227
66 188
68 188
69 188
73 188
74 188
181 188
83 188
84 188
184 188
97 188
98 188
101 188
109 188
110 188
111 188
112 188
188 205
116 188
117 188
118 188
119 188
188 218
121 188
122 188
188 207
124 188
188 212
188 220
127 188
128 188
132 188
135 188
136 188
137 188
138 188
188 194
139 188
141 188
143 188
188 197
147 188
151 188
154 188
157 188
159 188
188 222
188 199
109 223
109 224
35 109
36 109
37 109
109 175
52 109
109 201
109 225
109 177
109 178
60 109
109 202
63 109
73 109
74 109
82 109
109 183
98 109
101 109
109 217
109 204
109 110
109 111
109 112
109 113
109 205
109 206
109 231
109 115
109 116
109 120
109 218
109 121
109 123
109 125
109 220
109 127
109 192
109 128
109 131
109 132
109 135
109 136
109 140
109 232
109 141
109 196
109 146
109 197
109 147
109 148
109 150
109 155
109 160
109 233
109 161
109 198
109 164
109 199
109 165
109 167
110 223
30 110
31 110
110 174
40 110
110 175
57 110
110 179
110 202
110 227
73 110
83 110
110 182
110 183
102 110
110 217
105 110
110 203
110 204
110 211
110 113
110 205
110 115
110 117
110 119
110 218
110 121
110 122
110 124
110 125
110 238
110 127
110 128
110 135
110 139
110 140
110 145
110 147
110 152
110 153
110 155
110 156
110 161
110 163
110 222
110 166
2 111
111 168
111 172
28 111
111 173
111 174
57 111
111 179
60 111
64 111
68 111
71 111
82 111
83 111
90 111
111 185
101 111
111 112
111 230
111 115
111 119
111 120
111 121
111 122
111 124
111 219
111 129
111 132
111 134
111 135
111 136
111 137
111 139
111 140
111 142
111 197
111 147
111 149
111 150
111 155
111 160
111 161
111 163
111 198
111 164
111 167
20 101
31 101
101 216
101 224
36 101
51 101
101 225
57 101
60 101
101 202
73 101
82 101
83 101
84 101
101 182
90 101
96 101
101 217
101 105
101 204
101 228
101 112
101 115
101 116
101 117
101 118
101 120
101 218
101 122
101 124
101 125
101 191
101 220
101 213
101 238
101 126
101 128
101 129
101 130
101 131
101 134
101 136
101 137
101 140
101 141
101 142
101 143
101 145
101 196
101 146
101 147
101 150
101 154
101 155
101 156
101 160
101 161
101 163
101 198
101 222
101 166
101 167
30 105
31 105
35 105
105 174
40 105
105 175
49 105
105 178
105 179
60 105
66 105
73 105
74 105
82 105
84 105
88 105
90 105
93 105
96 105
98 105
105 203
105 112
105 118
105 119
105 120
105 121
105 124
105 125
105 129
105 131
105 135
105 136
105 137
105 193
105 138
105 139
105 143
105 146
105 148
105 150
105 151
105 152
105 153
105 155
105 156
105 163
105 164
105 165
105 166
105 167
113 209
29 113
31 113
113 224
35 113
113 174
40 113
52 113
113 177
113 178
60 113
73 113
113 182
96 113
98 113
102 113
113 217
113 234
113 235
112 113
113 205
113 119
113 120
113 121
113 122
113 207
113 123
113 124
113 191
113 238
113 126
113 128
113 129
113 130
113 131
113 132
113 134
113 136
113 139
113 195
113 141
113 143
113 197
113 149
113 150
113 152
113 155
113 156
113 159
113 161
113 165
113 166
115 168
115 209
115 239
19 115
30 115
115 216
35 115
36 115
115 174
37 115
115 176
51 115
115 201
115 225
57 115
115 178
115 226
63 115
115 227
67 115
74 115
82 115
83 115
88 115
115 182
115 183
98 115
115 217
115 204
115 211
115 228
115 240
115 230
115 205
115 206
115 189
115 116
115 218
115 207
115 220
115 192
115 128
115 129
115 134
115 135
115 138
115 194
115 140
115 232
115 141
115 145
115 196
115 146
115 197
115 150
115 151
115 154
115 156
115 159
115 160
115 164
115 199
115 165
115 166
168 231
210 231
27 231
29 231
175 231
46 231
54 231
58 231
178 231
202 231
180 231
76 231
81 231
82 231
83 231
84 231
96 231
99 231
186 231
105 231
113 231
206 231
116 231
117 231
120 231
121 231
124 231
125 231
129 231
132 231
134 231
136 231
139 231
143 231
151 231
152 231
154 231
158 231
159 231
161 231
116 174
40 116
43 116
60 116
63 116
66 116
82 116
90 116
116 242
102 116
116 204
116 235
116 124
116 125
116 136
116 137
116 193
116 138
116 139
116 141
116 197
116 150
116 151
116 155
116 156
116 160
116 233
116 163
116 167
30 118
118 174
118 176
53 118
60 118
118 202
63 118
65 118
73 118
74 118
82 118
84 118
88 118
90 118
102 118
118 217
118 243
118 204
118 205
118 189
118 119
118 121
118 190
118 123
118 125
118 238
118 127
118 128
118 129
118 131
118 132
118 134
118 135
118 136
118 137
118 138
118 139
118 140
118 144
118 145
118 146
118 197
118 152
118 153
118 156
118 157
118 159
118 163
118 199
118 166
118 167
2 119
119 239
119 245
20 119
119 173
30 119
119 224
35 119
36 119
119 174
119 175
119 176
51 119
119 177
119 178
60 119
119 202
66 119
74 119
82 119
87 119
119 183
119 234
119 228
112 119
119 230
119 206
117 119
119 190
119 125
119 213
119 126
119 129
119 130
119 131
119 132
119 134
119 135
119 136
119 193
119 139
119 140
119 232
119 141
119 142
119 196
119 149
119 150
119 151
119 152
119 153
119 154
119 155
119 157
119 215
119 161
119 164
119 199
119 165
119 167
121 223
121 200
121 168
121 239
121 210
20 121
30 121
121 216
35 121
36 121
40 121
121 176
52 121
121 225
121 178
63 121
66 121
67 121
82 121
88 121
121 183
90 121
96 121
121 217
121 203
117 121
120 121
121 207
121 123
121 125
121 212
121 219
121 191
121 220
121 213
121 238
121 126
121 128
121 129
121 131
121 135
121 193
121 138
121 194
121 139
121 232
121 142
121 143
121 196
121 146
121 150
121 153
121 154
121 214
121 159
121 233
121 161
121 199
121 167
36 120
120 175
51 120
52 120
120 225
120 177
57 120
120 178
60 120
120 202
63 120
120 227
66 120
73 120
82 120
83 120
84 120
120 183
98 120
102 120
120 203
120 204
120 211
120 228
120 230
120 205
117 120
120 122
120 190
120 123
120 124
120 125
120 212
120 219
120 220
120 126
120 192
120 128
120 129
120 130
120 131
120 134
120 135
120 136
120 137
120 193
120 138
120 194
120 139
120 142
120 143
120 196
120 146
120 148
120 149
120 153
120 159
120 160
120 161
120 166
84 223
84 168
19 84
84 210
20 84
30 84
36 84
84 174
37 84
84 176
52 84
84 201
84 178
84 179
60 84
84 202
63 84
67 84
73 84
82 84
84 183
84 96
84 98
84 203
84 204
84 228
84 112
84 229
84 189
84 114
84 117
84 218
84 190
84 207
84 123
84 125
84 237
84 220
84 213
84 126
84 128
84 130
84 132
84 134
84 136
84 193
84 194
84 140
84 232
84 141
84 142
84 145
84 146
84 150
84 152
84 153
84 154
84 214
84 155
84 156
84 157
84 159
84 161
84 163
84 198
4 102
8 102
18 102
20 102
26 102
35 102
36 102
102 175
51 102
102 179
62 102
102 180
68 102
73 102
82 102
90 102
93 102
98 102
102 228
102 111
102 229
102 236
102 124
102 191
102 192
102 132
102 136
102 137
102 194
102 140
102 142
102 143
102 145
102 150
102 152
102 154
102 159
102 164
102 165
122 168
20 122
30 122
31 122
35 122
36 122
40 122
49 122
122 177
57 122
122 179
122 202
63 122
66 122
74 122
82 122
88 122
122 183
90 122
98 122
122 211
122 234
122 235
122 240
122 236
122 189
114 122
117 122
122 124
122 125
122 191
122 213
122 238
122 192
122 128
122 129
122 130
122 131
122 134
122 135
122 136
122 193
122 138
122 194
122 139
122 143
122 196
122 146
122 150
122 151
122 153
122 155
122 156
122 157
122 159
122 160
122 233
122 198
122 199
122 165
122 166
122 167
4 123
123 210
30 123
31 123
35 123
36 123
40 123
123 177
123 179
60 123
123 202
73 123
82 123
87 123
88 123
123 182
123 183
96 123
123 204
116 123
117 123
123 190
123 124
123 125
123 212
123 129
123 130
123 132
123 135
123 136
123 194
123 139
123 142
123 144
123 196
123 146
123 197
123 152
123 153
123 155
123 156
123 157
123 159
123 161
123 198
123 164
123 166
20 124
30 124
35 124
36 124
37 124
124 175
124 176
49 124
51 124
124 201
124 225
124 179
60 124
124 202
63 124
82 124
83 124
88 124
90 124
124 234
124 205
114 124
117 124
124 190
124 212
124 191
124 127
124 130
124 131
124 132
124 136
124 137
124 193
124 195
124 143
124 144
124 196
124 197
124 150
124 152
124 153
124 154
124 159
124 160
124 163
124 164
124 222
125 200
19 125
29 125
31 125
36 125
125 174
40 125
125 176
51 125
125 177
57 125
125 179
60 125
63 125
74 125
82 125
125 183
90 125
98 125
125 228
125 240
125 230
125 206
117 125
125 190
125 207
125 212
125 219
125 191
125 128
125 129
125 137
125 140
125 145
125 197
125 152
125 153
125 156
125 159
125 161
125 163
125 198
125 222
125 165
125 166
125 167
2 212
168 212
170 212
18 212
19 212
20 212
172 212
25 212
36 212
174 212
37 212
43 212
60 212
202 212
74 212
82 212
83 212
86 212
183 212
96 212
211 212
110 212
118 212
190 212
191 212
129 212
130 212
131 212
132 212
136 212
137 212
193 212
138 212
194 212
139 212
140 212
141 212
142 212
143 212
197 212
147 212
149 212
151 212
155 212
159 212
160 212
164 212
166 212
2 191
168 191
20 191
25 191
29 191
30 191
174 191
52 191
191 225
57 191
178 191
191 227
69 191
82 191
93 191
105 191
191 204
191 235
191 228
191 206
189 191
191 218
191 207
123 191
191 220
136 191
137 191
139 191
144 191
191 196
149 191
152 191
191 214
155 191
156 191
159 191
191 198
165 191
2 213
20 213
29 213
175 213
60 213
63 213
66 213
83 213
93 213
97 213
213 217
204 213
213 234
213 231
120 213
125 213
213 220
128 213
135 213
137 213
138 213
142 213
146 213
154 213
156 213
161 213
163 213
167 213
199 200
16 199
172 199
26 199
38 199
60 199
71 199
99 199
106 199
199 229
124 199
128 199
131 199
135 199
141 199
143 199
144 199
146 199
150 199
152 199
159 199
161 199
198 199
199 222
126 200
14 126
20 126
25 126
26 126
29 126
126 175
49 126
57 126
65 126
66 126
67 126
69 126
82 126
96 126
126 217
126 228
110 126
112 126
126 206
126 207
126 127
126 192
126 128
126 129
126 132
126 135
126 137
126 194
126 139
126 143
126 144
126 146
126 147
126 150
126 151
126 152
126 156
126 158
126 163
126 164
126 166
176 192
57 192
82 192
184 192
187 192
192 203
192 204
112 192
134 192
139 192
192 197
159 192
161 192
167 192
20 128
29 128
30 128
36 128
128 174
128 176
49 128
51 128
57 128
128 178
60 128
128 202
67 128
74 128
128 183
90 128
96 128
128 242
98 128
128 243
128 240
128 189
114 128
128 190
128 208
128 132
128 134
128 135
128 136
128 139
128 195
128 140
128 141
128 143
128 145
128 197
128 147
128 149
128 150
128 151
128 153
128 157
128 159
128 160
128 161
128 164
128 165
128 167
129 168
129 170
8 129
30 129
35 129
129 174
129 176
57 129
60 129
129 202
129 181
82 129
83 129
88 129
90 129
98 129
129 203
129 229
117 129
129 190
129 219
129 130
129 131
129 132
129 134
129 135
129 136
129 137
129 138
129 140
129 141
129 144
129 197
129 149
129 150
129 155
129 159
129 160
129 165
129 167
130 200
130 168
4 130
8 130
18 130
130 173
30 130
130 224
35 130
36 130
37 130
130 175
52 130
57 130
130 179
60 130
63 130
66 130
73 130
130 181
83 130
130 182
130 183
93 130
130 185
96 130
98 130
130 217
105 130
130 203
130 204
130 234
111 130
130 240
130 229
130 206
130 218
130 190
130 207
130 237
130 132
130 135
130 136
130 137
130 138
130 194
130 195
130 141
130 196
130 146
130 147
130 149
130 159
130 161
130 163
130 198
130 165
130 166
134 223
134 200
134 209
19 134
134 210
20 134
31 134
134 216
37 134
40 134
134 175
134 176
52 134
60 134
66 134
73 134
83 134
134 217
134 203
134 204
134 211
112 134
134 230
134 205
114 134
117 134
134 190
131 134
132 134
134 135
134 136
134 137
134 193
134 194
134 139
134 141
134 142
134 144
134 145
134 146
134 150
134 151
134 152
134 153
134 154
134 155
134 156
134 159
134 160
134 161
134 166
134 167
131 168
131 171
20 131
29 131
30 131
62 131
63 131
68 131
73 131
82 131
83 131
87 131
131 183
90 131
93 131
96 131
102 131
131 204
110 131
111 131
131 229
116 131
131 219
127 131
131 135
131 194
131 139
131 140
131 142
131 147
131 149
131 150
131 155
131 156
131 160
131 163
131 164
131 166
31 132
57 132
60 132
132 202
83 132
132 183
132 137
132 193
132 138
132 139
132 143
132 146
132 151
132 152
132 155
132 161
132 167
169 210
81 210
88 210
105 210
203 210
210 228
111 210
210 229
189 210
117 210
129 210
135 210
136 210
139 210
142 210
144 210
145 210
146 210
150 210
156 210
159 210
161 210
165 210
8 135
20 135
29 135
30 135
135 216
40 135
135 176
52 135
135 225
135 177
57 135
135 178
135 179
60 135
63 135
135 227
135 241
67 135
73 135
83 135
87 135
88 135
135 182
135 183
90 135
96 135
135 217
135 203
112 135
135 230
135 205
135 189
127 135
135 192
135 137
135 139
135 195
135 140
135 143
135 196
135 150
135 154
135 214
135 155
135 156
135 157
135 159
135 161
135 163
135 222
135 166
137 223
137 200
137 168
8 137
137 172
29 137
30 137
31 137
35 137
37 137
51 137
52 137
137 225
57 137
137 178
137 202
64 137
66 137
67 137
82 137
88 137
137 182
137 183
96 137
137 217
137 234
137 235
137 236
137 206
114 137
137 218
137 190
137 207
137 237
137 220
137 192
136 137
137 194
137 140
137 141
137 143
137 144
137 145
137 196
137 146
137 197
137 147
137 148
137 149
137 151
137 152
137 214
137 156
137 163
137 164
137 167
138 200
138 209
19 138
20 138
31 138
138 224
36 138
49 138
138 201
57 138
60 138
138 202
138 227
138 241
67 138
73 138
74 138
82 138
83 138
88 138
138 183
98 138
138 217
138 203
138 204
138 211
138 228
112 138
138 229
138 205
138 189
114 138
117 138
138 218
138 190
138 207
138 219
138 220
138 238
136 138
138 194
138 140
138 145
138 196
138 146
138 149
138 153
138 154
138 159
138 233
138 221
138 161
138 163
138 198
138 222
138 165
138 166
138 167
139 168
139 209
139 239
19 139
31 139
139 224
40 139
139 175
139 176
52 139
139 201
139 225
57 139
139 179
139 227
67 139
82 139
88 139
139 182
96 139
139 235
139 206
139 189
139 190
139 207
139 219
139 238
136 139
139 140
139 232
139 141
139 142
139 143
139 144
139 196
139 146
139 147
139 150
139 152
139 154
139 155
139 159
139 160
139 233
139 161
139 163
139 198
139 222
139 165
139 167
30 200
30 168
30 31
30 35
30 36
30 37
30 177
30 178
30 67
30 74
30 82
30 83
30 183
30 90
30 96
30 203
30 204
30 112
30 205
30 207
30 219
30 220
30 213
30 127
30 192
30 136
30 193
30 194
30 232
30 141
30 142
30 145
30 147
30 149
30 150
30 151
30 152
30 153
30 154
30 156
30 160
30 165
30 166
30 167
1 179
168 179
179 210
27 179
32 179
36 179
40 179
57 179
58 179
64 179
69 179
73 179
76 179
82 179
109 179
112 179
131 179
136 179
142 179
144 179
151 179
152 179
157 179
159 179
161 179
179 198
164 179
3 140
140 168
18 140
29 140
31 140
140 224
140 174
140 175
60 140
140 226
66 140
67 140
90 140
96 140
98 140
140 211
140 231
116 140
117 140
140 219
140 238
140 192
140 194
140 232
140 144
140 145
140 146
140 147
140 148
140 150
140 151
140 154
140 157
140 159
140 160
140 161
140 163
140 198
140 164
143 239
20 143
143 216
143 224
143 174
37 143
40 143
49 143
143 178
60 143
63 143
143 227
66 143
73 143
74 143
143 183
90 143
143 217
143 203
112 143
143 240
143 230
143 205
143 189
143 207
143 219
143 220
143 238
136 143
143 193
143 195
143 144
143 145
143 146
143 150
143 151
143 156
143 159
143 160
143 233
143 161
143 163
143 164
143 222
143 166
143 167
144 223
144 200
144 239
20 144
31 144
36 144
144 174
144 175
49 144
144 177
57 144
144 178
63 144
144 227
66 144
67 144
74 144
83 144
88 144
90 144
96 144
98 144
144 217
144 204
144 236
114 144
117 144
144 190
144 207
144 219
136 144
144 193
144 194
144 195
142 144
144 146
144 197
144 149
144 150
144 152
144 153
144 154
144 155
144 156
144 159
144 161
144 163
144 198
144 165
144 166
144 167
20 146
31 146
146 224
36 146
40 146
49 146
51 146
52 146
146 225
146 177
60 146
146 202
63 146
66 146
83 146
88 146
146 183
90 146
96 146
146 211
146 228
146 206
114 146
146 190
146 207
146 219
146 220
136 146
146 194
141 146
145 146
146 147
146 148
146 149
146 150
146 151
146 154
146 214
146 156
146 157
146 161
146 163
146 198
146 164
146 166
157 223
4 157
19 157
20 157
29 157
31 157
157 224
36 157
51 157
53 157
157 178
60 157
157 226
157 180
73 157
88 157
157 182
90 157
157 184
157 185
98 157
157 217
157 187
105 157
157 203
107 157
115 157
116 157
157 219
127 157
131 157
136 157
157 194
157 196
157 197
147 157
151 157
152 157
157 214
157 159
157 160
157 161
157 162
157 163
157 199
2 197
8 197
14 197
36 197
176 197
57 197
60 197
197 202
88 197
183 197
90 197
98 197
197 204
197 205
190 197
197 220
193 197
194 197
150 197
151 197
152 197
154 197
197 214
155 197
156 197
160 197
164 197
166 197
167 197
2 149
149 200
20 149
28 149
31 149
149 216
149 174
40 149
43 149
149 176
48 149
51 149
149 179
60 149
65 149
74 149
81 149
82 149
149 182
149 183
149 217
149 228
114 149
117 149
149 207
149 192
132 149
136 149
149 194
147 149
148 149
149 152
149 154
149 156
149 160
149 233
149 161
149 198
149 164
149 165
2 151
151 168
29 151
31 151
35 151
151 174
151 177
57 151
60 151
63 151
66 151
74 151
82 151
87 151
88 151
93 151
96 151
98 151
151 203
151 228
114 151
151 190
151 219
142 151
145 151
151 152
151 153
151 159
151 160
151 161
151 198
151 164
151 167
152 200
152 209
19 152
31 152
152 216
152 224
35 152
152 174
37 152
40 152
152 176
49 152
152 201
152 225
152 202
63 152
152 227
73 152
74 152
82 152
88 152
152 182
152 183
98 152
152 217
152 204
152 211
152 228
152 229
152 236
152 205
152 189
114 152
117 152
152 218
141 152
145 152
152 196
150 152
152 155
152 156
152 159
152 215
152 161
152 163
152 198
152 166
152 167
150 200
8 150
150 209
20 150
36 150
150 174
40 150
150 176
57 150
150 178
60 150
63 150
150 227
66 150
82 150
88 150
150 183
96 150
150 242
98 150
150 217
150 203
150 204
150 211
150 240
150 236
150 205
114 150
150 190
150 220
127 150
150 193
141 150
145 150
148 150
150 153
150 154
150 156
150 159
150 160
150 161
150 164
150 166
150 167
20 155
31 155
155 174
40 155
155 175
49 155
57 155
155 178
60 155
66 155
74 155
82 155
83 155
87 155
155 182
98 155
112 155
155 219
136 155
155 194
141 155
145 155
154 155
155 156
155 161
155 163
155 164
155 165
155 167
8 156
20 156
36 156
156 174
40 156
49 156
51 156
156 177
60 156
156 202
66 156
74 156
82 156
88 156
156 182
93 156
96 156
98 156
156 217
156 204
156 228
156 205
114 156
117 156
156 190
156 194
156 195
141 156
145 156
154 156
156 161
156 163
156 164
156 166
156 167
159 223
159 200
159 168
159 209
20 159
159 216
159 224
35 159
37 159
40 159
159 176
49 159
159 202
159 227
66 159
82 159
83 159
88 159
90 159
98 159
159 217
159 203
159 234
159 240
159 230
159 236
159 205
114 159
117 159
159 207
159 238
136 159
159 194
141 159
142 159
159 160
159 161
159 164
159 222
159 167
160 223
160 200
160 168
19 160
160 210
160 173
160 216
35 160
160 174
160 176
160 225
160 177
160 202
160 227
160 180
74 160
160 181
82 160
83 160
88 160
160 183
90 160
93 160
98 160
110 160
112 160
117 160
160 192
132 160
136 160
160 193
160 194
145 160
160 198
160 167
20 163
57 163
163 178
163 202
63 163
66 163
73 163
74 163
82 163
83 163
96 163
98 163
163 204
112 163
114 163
136 163
141 163
145 163
163 196
148 163
163 167
161 209
19 161
20 161
31 161
161 216
35 161
161 176
51 161
161 225
161 178
63 161
66 161
67 161
73 161
83 161
161 183
90 161
161 217
161 203
161 228
112 161
161 229
161 189
114 161
161 218
161 207
161 220
127 161
136 161
161 194
161 195
141 161
142 161
161 196
153 161
154 161
161 214
161 164
161 165
161 166
136 168
36 136
136 177
136 178
82 136
136 183
96 136
112 136
117 136
136 190
136 198
136 164
136 165
136 167
165 168
32 165
37 165
38 165
49 165
60 165
74 165
88 165
165 183
90 165
165 184
165 211
110 165
112 165
118 165
165 219
165 193
147 165
165 215
163 165
