241
1 4
1 5
1 8
1 9
1 11
1 16
1 18
1 23
1 24
1 27
1 29
1 32
1 34
35 36
2 35
3 35
4 35
7 35
9 35
11 35
13 35
16 35
18 35
21 35
22 35
23 35
35 40
24 35
25 35
28 35
29 35
30 35
35 42
31 35
35 43
13 44
25 44
28 44
29 44
5 45
8 45
10 45
11 45
12 45
13 45
14 45
15 45
16 45
17 45
18 45
22 45
23 45
39 45
24 45
25 45
41 45
27 45
28 45
29 45
30 45
32 45
34 45
10 46
16 46
18 46
22 46
27 46
33 46
2 47
3 47
37 47
7 47
8 47
9 47
11 47
16 47
19 47
20 47
21 47
23 47
39 47
40 47
25 47
27 47
28 47
30 47
31 47
32 47
43 47
36 48
3 48
5 48
37 48
6 48
9 48
10 48
12 48
16 48
17 48
18 48
20 48
23 48
38 48
39 48
24 48
41 48
27 48
29 48
30 48
34 48
43 48
2 5
5 52
5 57
5 8
5 61
5 62
5 63
5 65
5 10
5 66
5 68
5 70
5 72
5 74
5 75
5 77
5 80
5 13
5 84
5 16
5 87
5 20
5 90
5 22
5 95
5 96
5 97
5 99
5 24
5 101
5 102
5 105
5 106
5 109
5 27
5 110
5 111
5 114
5 117
5 118
5 119
5 30
5 31
5 33
5 34
5 120
5 122
5 124
5 125
5 126
3 131
12 131
15 131
16 131
25 131
29 131
2 36
2 3
2 4
2 54
2 132
2 58
2 59
2 63
2 134
2 64
2 10
2 67
2 70
2 71
2 72
2 135
2 11
2 77
2 79
2 14
2 16
2 18
2 139
2 87
2 140
2 21
2 88
2 22
2 93
2 94
2 95
2 39
2 97
2 98
2 99
2 24
2 105
2 41
2 27
2 110
2 112
2 148
2 116
2 118
2 31
2 149
2 34
2 120
2 121
2 126
2 127
10 50
14 50
15 50
25 50
31 50
3 36
3 49
3 50
3 152
3 53
3 54
3 6
3 57
3 7
3 153
3 58
3 61
3 62
3 134
3 65
3 10
3 67
3 71
3 72
3 74
3 158
3 76
3 78
3 160
3 80
3 12
3 13
3 14
3 83
3 84
3 16
3 138
3 139
3 87
3 21
3 88
3 89
3 141
3 162
3 163
3 164
3 142
3 143
3 39
3 99
3 24
3 101
3 25
3 105
3 106
3 110
3 28
3 29
3 111
3 114
3 148
3 116
3 166
3 30
3 167
3 32
3 33
3 168
3 120
3 121
3 122
3 124
3 43
3 127
4 171
4 44
4 49
4 5
4 172
4 51
4 37
4 52
4 53
4 54
4 175
4 56
4 6
4 57
4 7
4 177
4 60
4 8
4 61
4 62
4 180
4 182
4 10
4 66
4 183
4 70
4 71
4 154
4 184
4 72
4 73
4 186
4 135
4 187
4 75
4 188
4 159
4 136
4 189
4 192
4 160
4 80
4 13
4 83
4 84
4 86
4 17
4 140
4 21
4 141
4 90
4 162
4 22
4 193
4 92
4 142
4 194
4 40
4 97
4 98
4 198
4 145
4 99
4 100
4 201
4 24
4 202
4 102
4 25
4 104
4 105
4 41
4 109
4 27
4 207
4 208
4 29
4 113
4 114
4 148
4 118
4 119
4 42
4 167
4 211
4 149
4 32
4 150
4 33
4 34
4 212
4 213
4 168
4 121
4 123
4 170
4 151
4 128
37 172
8 172
13 172
15 172
16 172
39 172
24 172
25 172
41 172
27 172
29 172
30 172
31 172
32 172
33 172
43 172
36 51
37 51
6 51
8 51
10 51
12 51
13 51
14 51
16 51
19 51
23 51
39 51
25 51
29 51
42 51
31 51
32 51
33 51
36 57
6 57
7 57
8 57
9 57
14 57
18 57
19 57
20 57
23 57
38 57
24 57
25 57
27 57
28 57
29 57
42 57
36 173
3 173
7 173
8 173
9 173
12 173
15 173
16 173
40 173
24 173
25 173
31 173
37 53
8 37
37 73
37 74
37 75
12 37
37 83
37 86
37 87
22 37
37 94
37 40
37 97
37 100
37 107
27 37
28 37
29 37
37 119
32 37
37 123
36 54
9 54
11 54
12 54
15 54
16 54
18 54
21 54
22 54
40 54
27 54
29 54
32 54
8 183
9 183
10 183
12 183
13 183
16 183
22 183
26 183
27 183
29 183
30 183
31 183
6 152
7 152
8 152
9 152
11 152
13 152
16 152
18 152
22 152
38 152
39 152
24 152
30 152
32 152
7 52
10 52
12 52
16 52
17 52
18 52
20 52
22 52
38 52
39 52
24 52
25 52
27 52
28 52
30 52
34 52
43 52
8 174
10 174
11 174
12 174
13 174
15 174
17 174
21 174
39 174
40 174
24 174
41 174
28 174
29 174
30 174
33 174
10 53
12 53
14 53
16 53
17 53
19 53
22 53
23 53
40 53
25 53
41 53
27 53
30 53
34 53
36 56
8 56
13 56
17 56
18 56
21 56
22 56
38 56
40 56
24 56
41 56
30 56
42 56
31 56
32 56
33 56
43 56
7 171
7 49
7 54
7 175
7 176
7 153
7 58
7 177
7 59
7 8
7 178
7 9
7 62
7 10
7 67
7 69
7 70
7 71
7 154
7 72
7 185
7 73
7 11
7 78
7 137
7 79
7 190
7 80
7 81
7 15
7 84
7 16
7 17
7 18
7 139
7 89
7 162
7 22
7 23
7 142
7 93
7 165
7 40
7 97
7 198
7 215
7 100
7 103
7 105
7 41
7 216
7 106
7 219
7 207
7 208
7 28
7 29
7 111
7 112
7 114
7 209
7 166
7 30
7 32
7 33
7 120
7 122
7 124
7 125
7 170
7 126
7 127
7 129
7 130
36 170
10 170
12 170
13 170
15 170
16 170
21 170
41 170
27 170
30 170
32 170
33 170
2 176
8 176
9 176
10 176
11 176
12 176
21 176
25 176
41 176
28 176
29 176
30 176
32 176
6 177
8 177
9 177
15 177
16 177
19 177
21 177
22 177
24 177
26 177
27 177
28 177
29 177
30 177
8 153
10 153
19 153
39 153
41 153
27 153
28 153
31 153
32 153
36 58
6 58
8 58
10 58
12 58
16 58
18 58
19 58
22 58
39 58
40 58
25 58
28 58
29 58
42 58
31 58
9 60
12 60
15 60
19 60
24 60
25 60
27 60
28 60
31 60
33 60
36 61
8 61
9 61
10 61
13 61
16 61
17 61
20 61
23 61
24 61
25 61
41 61
27 61
29 61
30 61
9 55
9 133
6 9
9 59
8 9
9 62
9 63
9 181
9 134
9 65
9 10
9 66
9 69
9 70
9 71
9 184
9 72
9 74
9 157
9 11
9 75
9 77
9 222
9 159
9 137
9 189
9 80
9 82
9 12
9 13
9 14
9 83
9 86
9 16
9 139
9 87
9 20
9 140
9 88
9 162
9 163
9 22
9 92
9 93
9 94
9 194
9 143
9 39
9 195
9 214
9 97
9 197
9 198
9 224
9 215
9 100
9 201
9 225
9 24
9 103
9 25
9 104
9 105
9 26
9 41
9 216
9 106
9 107
9 217
9 218
9 207
9 110
9 208
9 29
9 111
9 112
9 115
9 148
9 116
9 227
9 117
9 209
9 30
9 42
9 31
9 211
9 213
9 168
9 120
9 121
9 123
9 124
9 125
9 127
9 228
9 151
9 129
9 130
14 80
15 80
16 80
17 80
22 80
23 80
38 80
41 80
27 80
29 80
30 80
42 80
33 80
36 62
10 62
11 62
12 62
13 62
14 62
17 62
20 62
21 62
38 62
40 62
24 62
27 62
28 62
31 62
32 62
33 62
34 62
43 62
5 161
6 161
8 161
10 161
12 161
18 161
19 161
21 161
24 161
26 161
41 161
27 161
28 161
31 161
32 161
15 180
19 180
22 180
39 180
41 180
27 180
28 180
29 180
30 180
32 180
16 182
24 182
25 182
27 182
29 182
31 182
32 182
36 134
6 134
10 134
12 134
15 134
18 134
21 134
22 134
40 134
28 134
30 134
33 134
6 64
8 64
12 64
14 64
15 64
16 64
17 64
20 64
21 64
24 64
25 64
41 64
28 64
29 64
42 64
6 85
8 85
12 85
13 85
14 85
15 85
17 85
18 85
19 85
21 85
39 85
24 85
25 85
26 85
28 85
29 85
30 85
32 85
33 85
34 85
36 65
13 65
15 65
16 65
18 65
38 65
25 65
41 65
28 65
29 65
31 65
10 36
10 175
10 55
6 10
10 60
8 10
10 230
10 179
10 63
10 66
10 68
10 70
10 71
10 184
10 186
10 187
10 77
10 192
10 81
10 12
10 84
10 86
10 16
10 17
10 18
10 21
10 88
10 90
10 91
10 193
10 94
10 38
10 165
10 39
10 195
10 40
10 97
10 98
10 99
10 199
10 201
10 24
10 101
10 102
10 103
10 104
10 105
10 26
10 41
10 205
10 206
10 110
10 208
10 28
10 29
10 111
10 113
10 114
10 115
10 148
10 116
10 117
10 166
10 31
10 167
10 32
10 212
10 121
10 123
10 169
10 125
10 43
10 127
10 151
10 128
10 130
37 66
6 66
11 66
12 66
14 66
17 66
19 66
21 66
39 66
25 66
28 66
29 66
42 66
31 66
32 66
34 66
6 67
8 67
12 67
13 67
14 67
15 67
17 67
19 67
20 67
21 67
23 67
38 67
24 67
25 67
26 67
30 67
42 67
31 67
32 67
34 67
43 67
36 68
16 68
22 68
41 68
28 68
29 68
30 68
31 68
32 68
37 69
8 69
11 69
15 69
18 69
38 69
39 69
24 69
29 69
30 69
42 69
31 69
33 69
36 70
8 70
11 70
16 70
18 70
22 70
40 70
24 70
25 70
41 70
28 70
32 70
36 71
11 71
12 71
13 71
15 71
18 71
21 71
40 71
27 71
28 71
30 71
32 71
33 71
36 122
8 122
11 122
12 122
13 122
17 122
19 122
30 122
42 122
33 122
43 122
2 233
3 233
5 233
6 233
7 233
9 233
16 233
21 233
22 233
23 233
39 233
40 233
24 233
26 233
41 233
27 233
28 233
29 233
30 233
42 233
33 233
34 233
5 154
37 154
6 154
13 154
17 154
18 154
19 154
22 154
23 154
39 154
25 154
41 154
27 154
28 154
29 154
33 154
36 72
6 72
11 72
13 72
14 72
16 72
18 72
20 72
21 72
23 72
38 72
26 72
29 72
32 72
43 72
36 185
3 185
6 185
8 185
11 185
13 185
16 185
17 185
18 185
19 185
20 185
22 185
23 185
38 185
40 185
41 185
27 185
28 185
29 185
30 185
31 185
32 185
36 156
2 156
5 156
6 156
8 156
12 156
13 156
14 156
16 156
20 156
21 156
23 156
39 156
25 156
28 156
30 156
31 156
6 73
11 73
13 73
14 73
16 73
17 73
18 73
19 73
20 73
21 73
23 73
24 73
25 73
26 73
27 73
28 73
29 73
30 73
42 73
31 73
32 73
16 117
18 117
21 117
24 117
25 117
41 117
27 117
29 117
30 117
32 117
36 74
11 74
15 74
16 74
20 74
21 74
22 74
38 74
24 74
25 74
41 74
27 74
29 74
30 74
42 74
32 74
34 74
43 74
36 186
2 186
5 186
7 186
13 186
14 186
17 186
21 186
23 186
39 186
24 186
25 186
28 186
30 186
32 186
43 186
12 201
16 201
22 201
38 201
27 201
31 201
3 135
8 135
11 135
15 135
17 135
21 135
25 135
33 135
11 36
11 59
11 221
11 77
11 81
11 12
11 13
11 14
11 83
11 85
11 17
11 19
11 89
11 91
11 92
11 93
11 94
11 38
11 95
11 143
11 39
11 40
11 97
11 144
11 98
11 200
11 100
11 146
11 24
11 101
11 25
11 106
11 107
11 205
11 218
11 27
11 207
11 29
11 111
11 112
11 113
11 116
11 118
11 119
11 42
11 31
11 150
11 33
11 34
11 120
11 121
11 125
11 126
11 43
11 127
11 129
36 75
8 75
13 75
15 75
16 75
17 75
18 75
19 75
20 75
21 75
22 75
23 75
38 75
39 75
24 75
27 75
28 75
42 75
31 75
43 75
36 187
15 187
16 187
22 187
24 187
27 187
2 76
11 76
12 76
13 76
19 76
22 76
24 76
28 76
29 76
31 76
36 78
8 78
14 78
16 78
17 78
18 78
20 78
22 78
23 78
38 78
27 78
29 78
42 78
31 78
43 78
15 222
36 137
6 137
12 137
13 137
14 137
16 137
18 137
19 137
21 137
22 137
24 137
41 137
27 137
30 137
42 137
32 137
33 137
3 79
8 79
13 79
16 79
25 79
27 79
28 79
32 79
33 79
7 159
16 159
38 159
25 159
26 159
27 159
28 159
29 159
31 159
32 159
3 189
8 189
11 189
13 189
15 189
16 189
19 189
39 189
29 189
31 189
32 189
33 189
29 204
31 204
37 160
12 160
16 160
18 160
19 160
38 160
24 160
28 160
43 160
12 81
14 81
16 81
17 81
18 81
21 81
22 81
23 81
39 81
40 81
25 81
27 81
28 81
30 81
42 81
32 81
34 81
6 82
12 82
13 82
15 82
18 82
19 82
22 82
40 82
41 82
27 82
31 82
28 36
28 234
28 49
28 175
28 55
28 133
28 181
28 221
28 155
28 77
28 222
28 136
28 190
28 191
12 28
13 28
28 83
15 28
28 84
17 28
28 139
20 28
28 140
21 28
28 88
28 141
28 162
28 163
28 164
28 94
28 95
28 194
28 143
28 165
28 196
28 197
28 198
28 99
28 200
28 100
28 231
28 236
28 146
28 225
28 101
28 202
28 102
28 105
26 28
28 107
28 205
28 109
27 28
28 208
28 111
28 112
28 115
28 148
28 209
28 166
28 118
28 167
28 210
28 211
28 149
28 32
28 212
28 168
28 123
28 125
28 228
28 229
28 130
13 36
13 234
13 133
13 184
13 187
13 190
12 13
13 14
13 83
13 84
13 16
13 139
13 19
13 21
13 141
13 22
13 193
13 164
13 93
13 143
13 165
13 98
13 145
13 100
13 24
13 101
13 104
13 105
13 41
13 106
13 107
13 205
13 113
13 114
13 115
13 148
13 166
13 119
13 31
13 33
13 120
13 123
13 124
13 126
13 43
13 127
13 151
13 130
12 36
12 49
12 175
12 133
6 12
8 12
12 63
12 181
12 184
12 238
12 157
12 158
12 77
12 136
12 14
12 83
12 84
12 16
12 138
12 139
12 21
12 223
12 163
12 22
12 193
12 92
12 164
12 142
12 93
12 94
12 95
12 194
12 143
12 165
12 39
12 96
12 197
12 98
12 198
12 199
12 200
12 231
12 236
12 24
12 101
12 202
12 102
12 103
12 25
12 104
12 105
12 26
12 216
12 205
12 108
12 147
12 226
12 219
12 109
12 207
12 208
12 111
12 112
12 115
12 118
12 119
12 30
12 42
12 31
12 167
12 210
12 211
12 32
12 150
12 120
12 123
12 124
12 125
12 43
12 127
12 228
12 229
12 151
12 128
36 83
6 83
8 83
14 83
16 83
17 83
18 83
19 83
22 83
38 83
39 83
40 83
24 83
29 83
30 83
31 83
32 83
33 83
15 44
15 37
15 133
6 15
15 59
15 181
15 68
15 77
15 190
12 15
15 86
15 16
15 17
15 18
15 139
15 87
15 19
15 20
15 21
15 88
15 141
15 90
15 162
15 23
15 193
15 92
15 164
15 94
15 38
15 95
15 143
15 39
15 40
15 98
15 198
15 199
15 215
15 100
15 24
15 101
15 102
15 25
15 104
15 105
15 41
15 106
15 107
15 205
15 147
15 226
15 217
15 109
15 207
15 110
15 29
15 115
15 167
15 149
15 150
15 34
15 213
15 121
15 123
15 124
15 43
15 128
8 84
14 84
18 84
19 84
23 84
39 84
40 84
25 84
27 84
30 84
42 84
33 84
16 86
17 86
24 86
27 86
31 86
33 86
16 171
16 49
16 178
16 63
16 184
16 157
16 188
16 17
16 87
16 89
16 163
16 22
16 142
16 93
16 94
16 38
16 194
16 143
16 165
16 195
16 40
16 214
16 97
16 197
16 98
16 198
16 145
16 99
16 100
16 225
16 101
16 202
16 102
16 103
16 104
16 105
16 41
16 216
16 206
16 217
16 218
16 110
16 29
16 111
16 113
16 114
16 115
16 148
16 116
16 209
16 166
16 118
16 119
16 42
16 31
16 32
16 212
16 213
16 168
16 123
16 125
16 127
17 36
17 44
17 49
17 50
17 173
17 55
8 17
17 180
17 187
17 190
17 160
17 18
17 138
17 87
17 19
17 140
17 21
17 223
17 89
17 162
17 92
17 142
17 38
17 95
17 143
17 97
17 98
17 198
17 99
17 200
17 100
17 146
17 101
17 202
17 102
17 103
17 25
17 105
17 107
17 205
17 147
17 219
17 27
17 29
17 112
17 113
17 116
17 117
17 31
17 32
17 34
17 120
17 123
17 43
17 128
18 36
18 175
18 133
8 18
18 178
18 63
18 184
18 157
18 158
18 190
18 138
18 19
18 20
18 21
18 89
18 141
18 90
18 22
18 23
18 193
18 92
18 164
18 142
18 143
18 39
18 98
18 145
18 99
18 100
18 103
18 104
18 105
18 106
18 205
18 207
18 112
18 113
18 114
18 115
18 148
18 118
18 119
18 30
18 42
18 31
18 32
18 150
18 33
18 121
18 127
18 128
18 129
36 138
37 138
8 138
14 138
20 138
21 138
22 138
23 138
38 138
39 138
40 138
26 138
41 138
27 138
29 138
30 138
42 138
31 138
32 138
33 138
34 138
29 188
31 188
20 50
20 55
20 63
20 65
14 20
20 87
20 21
20 88
20 90
20 22
20 193
20 38
20 98
20 99
20 100
20 101
20 25
20 105
20 27
20 29
20 148
20 116
20 209
20 119
20 30
20 31
20 32
20 34
20 120
20 123
20 128
21 171
21 44
21 50
21 132
21 133
6 21
8 21
21 179
21 68
21 184
21 235
21 157
21 188
21 222
21 139
21 87
19 21
21 140
21 89
21 90
21 162
21 163
21 193
21 92
21 164
21 142
21 93
21 38
21 95
21 194
21 165
21 39
21 195
21 97
21 144
21 98
21 145
21 231
21 24
21 101
21 25
21 105
21 26
21 106
21 205
21 147
21 208
21 29
21 111
21 113
21 114
21 30
21 31
21 210
21 32
21 150
21 34
21 168
21 121
21 124
21 169
21 43
21 127
21 151
21 128
21 130
36 88
8 88
14 88
19 88
38 88
39 88
40 88
41 88
42 88
31 88
36 90
6 90
8 90
14 90
19 90
22 90
38 90
24 90
25 90
41 90
29 90
42 90
31 90
32 90
6 91
19 91
22 91
38 91
39 91
40 91
24 91
25 91
29 91
30 91
31 91
34 91
36 162
8 162
14 162
19 162
22 162
38 162
39 162
24 162
27 162
30 162
31 162
32 162
33 162
2 163
11 163
19 163
22 163
23 163
33 163
22 240
8 22
22 178
22 230
22 220
22 63
22 221
22 184
22 155
22 158
22 222
22 190
22 191
22 192
14 22
22 139
22 87
22 89
22 164
22 93
22 94
22 38
22 95
22 194
22 143
22 165
22 195
22 40
22 97
22 144
22 224
22 100
22 231
22 146
22 101
22 202
22 102
22 105
22 204
22 106
22 205
22 108
22 218
22 219
22 109
22 207
22 110
22 29
22 111
22 113
22 114
22 115
22 209
22 118
22 119
22 30
22 32
22 33
22 212
22 213
22 168
22 120
22 125
22 126
22 127
22 228
22 229
23 62
13 23
23 92
23 93
23 143
23 39
23 40
23 98
23 25
23 104
23 105
23 41
23 27
23 29
23 112
23 113
23 116
23 123
23 124
23 126
23 151
36 193
3 193
37 193
6 193
8 193
19 193
27 193
32 193
33 193
36 92
7 92
8 92
14 92
20 92
25 92
41 92
27 92
29 92
30 92
31 92
32 92
33 92
34 92
8 164
23 164
40 164
24 164
31 164
32 164
36 220
2 220
3 220
7 220
15 220
16 220
38 220
25 220
33 220
34 220
36 142
8 142
11 142
38 142
39 142
24 142
25 142
29 142
30 142
31 142
43 142
36 93
37 93
6 93
8 93
39 93
24 93
25 93
41 93
27 93
29 93
31 93
32 93
34 93
3 38
8 38
38 61
38 134
38 87
38 161
38 143
38 131
24 38
38 103
38 104
38 105
38 106
38 107
27 38
38 110
38 111
38 116
38 118
30 38
38 42
31 38
32 38
38 150
38 124
38 125
38 43
38 130
8 194
15 194
29 194
33 194
8 143
19 143
40 143
25 143
26 143
41 143
29 143
31 143
34 143
2 165
8 165
11 165
39 165
26 165
27 165
29 165
43 165
6 96
8 96
11 96
14 96
19 96
29 96
33 96
36 97
6 97
14 97
19 97
27 97
42 97
31 97
32 97
33 97
34 97
43 97
3 144
8 144
14 144
18 144
19 144
23 144
27 144
30 144
31 144
32 144
36 196
2 196
5 196
6 196
8 196
10 196
11 196
13 196
14 196
25 196
27 196
32 196
33 196
36 98
6 98
19 98
40 98
25 98
41 98
42 98
32 98
33 98
43 98
3 198
37 198
6 198
11 198
13 198
19 198
39 198
24 198
25 198
29 198
31 198
32 198
8 145
19 145
41 145
29 145
32 145
6 94
14 94
39 94
24 94
25 94
26 94
27 94
30 94
42 94
31 94
33 94
43 94
39 173
6 39
8 39
39 178
39 181
39 184
39 187
39 87
39 141
39 95
39 145
39 99
24 39
39 102
25 39
39 105
39 41
39 207
39 208
39 113
39 148
39 116
39 119
39 42
33 39
34 39
39 123
39 127
39 129
8 100
40 100
24 100
25 100
41 100
27 100
29 100
30 100
42 100
33 100
24 36
24 44
24 50
24 240
24 175
24 133
6 24
8 24
24 179
24 63
24 181
24 221
24 184
24 238
24 157
24 136
24 190
24 191
24 139
19 24
24 95
24 236
24 103
24 104
24 105
24 41
24 216
24 106
24 107
24 205
24 108
24 147
24 226
24 217
24 218
24 27
24 110
24 208
24 29
24 112
24 114
24 115
24 148
24 119
24 31
24 167
24 210
24 149
24 32
24 150
24 33
24 212
24 120
24 228
24 229
24 151
41 101
29 101
31 101
33 101
11 102
40 102
30 102
32 102
36 103
2 103
6 103
11 103
19 103
39 103
40 103
29 103
31 103
36 104
6 104
8 104
19 104
25 104
41 104
27 104
29 104
30 104
31 104
32 104
33 104
34 104
25 133
25 177
25 63
25 181
25 221
25 157
25 222
14 25
25 87
19 25
25 140
25 89
25 197
25 236
25 146
25 225
25 105
25 26
25 41
25 106
25 107
25 205
25 207
25 110
25 208
25 112
25 113
25 116
25 118
25 31
25 211
25 149
25 212
25 120
25 125
25 126
25 127
25 229
25 151
8 87
40 87
41 87
30 87
31 87
32 87
33 87
34 87
19 95
40 95
27 95
30 95
42 95
33 95
36 105
40 105
26 105
27 105
30 105
42 105
32 105
34 105
8 41
41 181
41 183
14 41
41 86
19 41
41 140
41 89
40 41
41 99
41 199
41 106
41 107
27 41
41 207
29 41
41 111
41 113
41 114
41 115
41 148
41 118
41 119
31 41
41 167
32 41
41 150
41 120
41 123
41 124
41 127
41 129
41 130
14 106
23 106
40 106
26 106
33 106
34 106
36 107
6 107
8 107
14 107
40 107
29 107
30 107
34 107
43 107
2 205
3 205
41 205
29 205
30 205
13 108
15 108
25 108
31 108
32 108
13 226
38 226
25 226
27 226
33 226
8 218
18 218
21 218
25 218
30 218
32 218
33 218
27 109
29 109
11 229
29 229
27 36
27 55
27 133
6 27
8 27
27 178
27 184
27 157
27 190
14 27
27 139
27 89
27 141
27 40
27 216
27 207
27 208
27 111
27 114
27 115
27 148
27 42
27 31
27 167
27 32
27 150
27 33
27 34
27 120
27 121
27 126
27 43
36 207
3 207
5 207
37 207
8 207
14 207
19 207
29 207
31 207
33 207
36 241
6 241
8 241
10 241
13 241
20 241
22 241
23 241
39 241
40 241
27 241
42 241
31 241
33 241
43 241
29 133
8 29
29 230
29 235
29 136
29 140
29 89
29 214
29 99
29 199
29 215
29 231
29 202
29 111
29 112
29 113
29 115
29 148
29 166
29 33
29 125
29 127
36 110
11 175
15 175
31 175
8 111
19 111
30 111
33 111
43 111
36 113
6 113
19 113
40 113
30 113
42 113
31 113
32 113
33 113
34 113
36 115
14 115
19 115
40 115
26 115
30 115
42 115
32 115
34 115
43 115
36 116
8 116
19 116
40 116
34 116
8 36
8 44
8 50
8 133
6 8
8 63
8 187
8 158
8 222
8 190
8 14
8 89
8 40
8 197
8 202
8 109
8 112
8 148
8 209
8 118
8 30
8 31
8 167
8 149
8 32
8 212
8 168
8 120
8 123
8 169
8 43
8 151
8 129
8 130
18 209
32 209
33 209
36 118
30 118
42 118
32 118
34 118
43 118
19 119
40 119
31 119
32 119
34 119
30 36
30 181
30 184
30 157
30 158
30 79
30 190
14 30
19 30
30 99
30 112
30 42
30 31
30 149
30 34
30 123
30 125
30 126
30 43
33 166
26 36
26 234
26 171
26 44
26 45
26 37
26 132
26 176
8 26
26 62
26 65
26 71
26 187
26 188
26 222
26 190
18 26
26 91
23 26
26 40
26 206
26 108
26 208
26 112
26 148
26 117
26 42
26 31
26 33
26 168
26 120
26 123
26 124
26 126
31 36
31 171
31 49
31 132
31 133
31 59
31 178
31 230
31 180
31 181
31 184
31 157
31 77
31 222
31 136
31 190
31 139
31 140
31 141
31 40
31 200
31 225
31 202
31 206
31 109
31 148
31 227
31 167
31 210
31 32
31 150
31 33
31 34
31 212
31 213
31 120
31 121
31 124
31 125
31 228
6 121
7 121
19 121
43 121
18 167
23 167
32 167
6 149
11 149
19 149
38 149
40 149
26 149
41 149
32 149
29 211
6 150
7 150
14 150
19 150
40 150
32 150
33 234
33 171
33 44
33 50
33 133
33 59
33 178
33 230
33 179
33 182
33 77
33 222
33 136
33 191
14 33
33 139
19 33
33 89
33 141
33 195
33 40
33 197
33 99
33 231
33 236
33 225
33 202
33 204
33 206
33 147
33 208
33 148
33 42
32 33
33 212
33 123
33 125
33 129
32 49
32 46
32 175
32 133
32 178
32 63
32 157
32 158
32 136
32 190
32 140
32 40
32 199
32 202
32 147
32 114
32 42
32 211
32 34
32 168
32 120
32 123
32 124
32 151
32 128
32 129
32 130
36 168
19 168
20 168
40 168
34 168
19 120
40 120
42 120
34 120
8 213
29 213
6 123
14 123
42 123
34 123
36 124
11 124
19 124
40 124
43 124
36 126
19 126
38 126
39 126
43 126
40 125
37 112
14 112
42 112
43 112
36 127
19 127
11 151
14 151
42 151
43 151
4 228
13 228
15 228
29 228
