244 3290
1 2
1 3
1 4
1 6
1 7
1 8
1 9
1 10
1 13
1 14
1 15
1 16
1 18
1 21
1 22
1 24
1 31
1 33
1 34
1 36
1 37
1 39
1 41
1 42
1 43
1 44
1 49
1 52
1 53
1 55
1 58
1 59
1 60
1 61
1 62
1 64
1 67
1 69
1 71
1 73
1 75
1 77
1 80
1 81
2 81
81 82
6 81
81 83
81 84
13 81
81 85
22 81
29 81
30 81
31 81
33 81
35 81
81 86
40 81
41 81
44 81
81 87
81 88
50 81
56 81
58 81
59 81
81 90
68 81
69 81
71 81
78 81
1 91
2 91
82 91
10 91
84 91
13 91
85 91
22 91
29 91
30 91
31 91
86 91
43 91
51 91
89 91
56 91
58 91
67 91
68 91
69 91
78 91
1 94
82 94
6 94
10 94
84 94
12 94
85 94
22 94
35 94
37 94
40 94
41 94
50 94
56 94
3 83
3 10
3 84
3 12
3 30
3 86
3 40
3 41
3 43
3 93
3 50
3 89
3 69
1 83
83 95
83 96
2 83
4 83
5 83
6 83
83 100
83 104
9 83
83 106
11 83
13 83
83 110
83 111
83 112
83 113
83 114
83 85
17 83
83 118
18 83
83 120
20 83
21 83
83 121
83 122
83 123
23 83
83 124
25 83
83 129
83 131
27 83
28 83
29 83
30 83
33 83
34 83
83 133
35 83
37 83
38 83
83 86
40 83
41 83
83 137
42 83
83 140
83 142
83 143
44 83
83 145
83 147
45 83
46 83
83 148
83 150
83 88
47 83
48 83
83 153
83 154
49 83
83 158
54 83
83 161
83 162
83 163
83 164
83 165
58 83
61 83
62 83
83 170
83 171
66 83
83 90
67 83
83 172
83 174
70 83
71 83
73 83
83 177
77 83
78 83
83 178
80 83
35 179
2 4
4 82
4 6
4 10
4 84
4 13
4 85
4 29
4 30
4 33
4 35
4 37
4 86
4 40
4 41
4 88
4 50
4 51
4 89
4 58
4 59
4 90
4 67
4 68
4 69
4 70
4 71
2 5
5 82
5 10
5 12
5 22
5 31
5 35
5 37
5 93
5 87
5 88
5 50
5 51
5 56
5 59
5 90
5 67
5 71
5 78
2 94
2 82
2 6
2 181
2 100
2 102
2 103
2 104
2 182
2 84
2 107
2 184
2 12
2 108
2 110
2 114
2 15
2 16
2 17
2 18
2 19
2 20
2 121
2 22
2 123
2 23
2 125
2 188
2 25
2 27
2 31
2 32
2 33
2 34
2 36
2 37
2 39
2 40
2 136
2 42
2 145
2 146
2 45
2 93
2 148
2 149
2 150
2 87
2 88
2 179
2 154
2 155
2 156
2 158
2 52
2 89
2 54
2 55
2 56
2 165
2 57
2 192
2 60
2 167
2 62
2 66
2 90
2 67
2 68
2 69
2 174
2 72
2 75
2 194
2 80
1 82
82 196
82 95
82 97
82 98
82 197
82 198
82 182
9 82
10 82
82 106
82 107
82 186
13 82
82 199
82 109
82 111
82 200
82 113
82 85
16 82
82 118
18 82
82 201
82 119
82 120
20 82
82 203
82 123
24 82
82 126
82 127
82 189
25 82
82 129
82 131
82 132
26 82
28 82
32 82
34 82
35 82
36 82
37 82
38 82
82 86
82 137
82 138
82 206
82 140
82 141
82 142
82 143
82 144
82 147
82 207
82 87
82 152
82 88
47 82
82 191
82 179
82 208
48 82
82 154
82 155
82 210
82 156
82 213
82 157
82 214
82 158
51 82
52 82
53 82
54 82
82 163
57 82
82 166
60 82
61 82
82 169
63 82
64 82
66 82
82 172
82 221
82 174
71 82
82 223
82 175
72 82
82 176
74 82
82 177
77 82
82 224
79 82
82 178
82 195
80 82
1 99
92 99
10 99
12 99
13 99
30 99
35 99
41 99
87 99
88 99
50 99
51 99
89 99
56 99
59 99
90 99
68 99
70 99
71 99
7 92
7 10
7 84
7 12
7 13
7 29
7 30
7 31
7 33
7 36
7 93
7 87
7 88
7 50
7 180
7 56
7 90
7 67
7 68
7 69
7 71
7 78
6 103
13 103
33 103
86 103
41 103
43 103
51 103
56 103
58 103
68 103
1 115
10 115
13 115
33 115
37 115
40 115
43 115
89 115
58 115
70 115
71 115
6 181
83 181
84 181
13 181
30 181
37 181
87 181
89 181
56 181
90 181
68 181
78 181
10 100
84 100
13 100
31 100
36 100
40 100
43 100
87 100
51 100
59 100
90 100
70 100
78 100
84 101
12 101
22 101
33 101
35 101
36 101
40 101
41 101
44 101
87 101
88 101
50 101
101 180
89 101
59 101
67 101
70 101
71 101
78 101
84 102
12 102
22 102
29 102
30 102
33 102
35 102
37 102
43 102
89 102
59 102
90 102
70 102
8 92
8 84
8 12
8 13
8 22
8 29
8 33
8 36
8 37
8 44
8 93
8 88
8 50
8 89
8 56
8 58
8 68
8 69
8 70
84 182
12 182
85 182
30 182
31 182
35 182
37 182
86 182
41 182
93 182
51 182
56 182
58 182
59 182
68 182
69 182
6 9
9 12
9 29
9 30
9 31
9 37
9 86
9 40
9 43
9 44
9 93
9 88
9 56
9 58
9 59
9 90
9 70
9 71
6 177
12 177
13 177
85 177
22 177
29 177
30 177
33 177
36 177
37 177
86 177
41 177
50 177
51 177
56 177
58 177
90 177
67 177
70 177
13 105
22 105
33 105
37 105
41 105
87 105
89 105
56 105
68 105
69 105
13 183
85 183
35 183
37 183
86 183
41 183
43 183
180 183
58 183
68 183
69 183
70 183
6 84
84 198
84 106
84 107
14 84
84 110
84 85
84 115
16 84
84 117
84 118
18 84
84 120
84 203
84 121
84 124
24 84
84 126
25 84
84 130
84 131
84 132
27 84
29 84
33 84
37 84
38 84
84 135
39 84
40 84
84 136
41 84
84 139
84 140
84 141
84 142
84 143
43 84
44 84
84 144
84 146
84 147
84 148
84 190
84 87
84 88
47 84
84 153
84 154
84 155
49 84
84 225
84 212
84 158
51 84
52 84
53 84
84 180
84 89
56 84
59 84
84 169
63 84
84 171
68 84
84 172
69 84
84 174
70 84
84 175
84 176
74 84
76 84
84 195
1 107
92 107
85 107
29 107
43 107
93 107
88 107
56 107
58 107
59 107
68 107
78 107
6 11
11 92
10 11
11 12
11 13
11 85
11 33
11 36
11 37
11 41
11 43
11 93
11 87
11 88
11 89
11 56
11 68
11 69
1 185
6 185
83 185
13 185
85 185
33 185
35 185
37 185
43 185
87 185
50 185
58 185
69 185
10 108
13 108
29 108
31 108
33 108
36 108
37 108
86 108
41 108
93 108
50 108
51 108
59 108
90 108
68 108
71 108
78 108
13 97
13 98
6 13
13 106
13 14
13 109
13 110
13 200
13 113
13 85
13 15
13 116
13 117
13 226
13 120
13 20
13 21
13 203
13 187
13 121
13 122
13 123
13 23
13 124
13 125
13 188
13 24
13 126
13 129
13 130
13 131
13 26
13 27
13 28
13 29
13 31
13 33
13 34
13 133
13 134
13 35
13 37
13 38
13 135
13 39
13 136
13 137
13 138
13 206
13 42
13 43
13 144
13 145
13 227
13 146
13 45
13 46
13 148
13 150
13 190
13 87
13 47
13 208
13 209
13 154
13 230
13 211
13 214
13 158
13 51
13 52
13 53
13 180
13 232
13 55
13 160
13 217
13 164
13 56
13 57
13 192
13 58
13 59
13 61
13 167
13 169
13 63
13 64
13 170
13 66
13 90
13 67
13 68
13 172
13 222
13 173
13 69
13 174
13 70
13 175
13 74
13 75
13 76
13 79
13 178
13 195
13 80
26 92
26 85
26 30
26 31
26 33
26 35
26 37
26 86
26 40
26 41
26 43
26 87
26 50
26 56
26 59
26 68
26 78
10 141
12 141
85 141
33 141
37 141
43 141
44 141
51 141
6 14
14 92
14 29
14 30
14 31
14 33
14 35
14 36
14 41
14 44
14 93
14 50
14 89
14 56
14 59
14 90
14 68
14 70
14 71
1 112
85 112
29 112
30 112
31 112
33 112
40 112
43 112
44 112
88 112
50 112
89 112
56 112
59 112
90 112
68 112
70 112
71 112
1 113
6 113
92 113
10 113
29 113
31 113
36 113
37 113
41 113
44 113
93 113
58 113
67 113
68 113
71 113
78 113
1 85
85 96
85 97
6 85
85 103
85 198
85 104
85 106
12 85
85 186
85 109
85 111
16 85
85 116
85 117
85 118
18 85
20 85
85 203
85 204
85 187
22 85
85 122
85 123
85 124
85 125
24 85
25 85
85 128
85 130
28 85
29 85
31 85
32 85
33 85
34 85
85 133
36 85
37 85
38 85
39 85
85 136
85 137
85 139
85 143
43 85
44 85
85 144
85 145
85 146
85 147
45 85
46 85
85 93
85 148
85 149
85 150
85 190
85 151
47 85
85 236
85 209
48 85
85 154
85 155
49 85
85 212
85 158
85 159
51 85
53 85
85 89
54 85
85 160
85 162
85 166
58 85
61 85
85 167
85 170
85 171
65 85
68 85
85 173
69 85
71 85
85 175
85 176
73 85
76 85
77 85
85 194
85 178
6 15
12 15
15 31
15 33
15 37
15 44
15 93
15 50
15 51
15 89
15 56
15 59
15 90
15 67
16 36
16 40
16 43
16 93
16 180
16 89
16 56
16 58
16 90
16 67
16 69
16 71
1 117
6 117
10 117
31 117
36 117
37 117
86 117
43 117
88 117
117 180
56 117
58 117
10 17
12 17
17 22
17 29
17 33
17 35
17 36
17 37
17 86
17 43
17 44
17 93
17 180
17 56
17 58
17 59
17 90
17 69
17 70
17 78
6 73
30 73
33 73
35 73
36 73
37 73
41 73
44 73
73 87
50 73
51 73
58 73
73 90
68 73
70 73
71 73
1 118
2 118
12 118
30 118
33 118
35 118
37 118
86 118
43 118
88 118
50 118
118 180
89 118
56 118
68 118
69 118
70 118
71 118
6 19
19 22
19 35
19 36
19 86
19 40
19 41
19 93
19 87
19 88
19 50
19 89
19 58
19 90
19 69
19 70
6 18
18 29
18 30
18 33
18 40
18 44
18 50
18 51
18 59
18 67
18 70
18 78
6 238
92 238
10 238
84 238
12 238
13 238
22 238
30 238
33 238
35 238
36 238
86 238
88 238
51 238
56 238
58 238
59 238
68 238
70 238
71 238
6 120
10 120
12 120
22 120
33 120
37 120
88 120
50 120
56 120
6 20
20 92
10 20
12 20
20 22
20 29
20 30
20 33
20 36
20 37
20 86
20 40
20 93
20 87
20 88
20 50
20 89
20 56
20 58
20 59
20 90
20 67
20 68
20 78
10 21
12 21
21 33
21 36
21 37
21 86
21 40
21 43
21 87
21 50
21 51
21 180
21 56
21 58
21 59
21 68
21 69
21 70
6 122
12 122
29 122
35 122
37 122
41 122
51 122
89 122
56 122
58 122
70 122
22 104
22 184
22 110
22 114
22 187
22 23
22 28
22 29
22 30
22 33
22 34
22 133
22 36
22 38
22 39
22 41
22 138
22 139
22 142
22 143
22 145
22 45
22 148
22 150
22 190
22 48
22 155
22 49
22 50
22 158
22 159
22 52
22 54
22 55
22 56
22 192
22 166
22 60
22 90
22 67
22 68
22 175
22 76
23 92
23 29
23 31
23 33
23 35
23 37
23 40
23 43
23 44
23 93
23 50
23 51
23 56
23 58
23 59
23 68
23 70
6 124
10 124
12 124
29 124
31 124
33 124
35 124
36 124
86 124
40 124
124 180
56 124
90 124
68 124
70 124
71 124
78 124
6 24
12 24
24 29
24 31
24 33
24 35
24 37
24 86
24 88
24 50
24 51
24 89
24 56
24 58
24 90
24 67
24 68
24 69
24 70
24 71
24 78
2 126
92 126
12 126
29 126
33 126
37 126
58 126
59 126
70 126
6 25
12 25
25 29
25 30
25 35
25 36
25 37
25 86
25 41
25 43
25 88
25 51
25 56
25 58
25 90
25 68
25 69
25 70
6 129
84 129
30 129
33 129
35 129
43 129
44 129
93 129
56 129
59 129
12 132
22 132
30 132
33 132
86 132
89 132
56 132
58 132
59 132
68 132
70 132
71 132
10 27
27 29
27 30
27 33
27 35
27 40
27 43
27 44
27 88
27 51
27 89
27 58
27 90
27 69
27 70
28 29
28 30
28 33
28 36
28 44
28 93
28 88
28 50
28 56
28 70
28 71
28 78
58 196
58 96
58 97
58 98
6 58
58 106
58 184
58 186
58 109
58 114
58 116
58 201
58 125
58 188
58 127
58 189
58 128
58 130
58 205
58 131
30 58
32 58
33 58
34 58
58 133
58 134
35 58
36 58
39 58
40 58
58 136
41 58
58 137
42 58
58 142
58 143
43 58
44 58
58 147
45 58
46 58
58 93
58 148
58 207
58 150
58 87
58 151
58 88
58 208
58 153
58 154
49 58
58 211
58 213
58 214
52 58
53 58
58 180
58 89
58 163
58 233
58 218
58 164
56 58
58 165
58 192
58 166
58 60
58 61
58 167
58 168
58 62
58 169
58 234
58 64
58 220
58 171
58 65
58 67
58 172
58 221
58 69
58 174
58 223
58 175
58 74
58 76
58 77
58 79
58 80
29 196
29 95
29 96
29 98
6 29
29 92
29 198
29 184
12 29
29 186
29 199
29 109
29 110
29 111
29 200
29 116
29 203
29 121
29 123
29 188
29 127
29 189
29 128
29 35
29 37
29 135
29 86
29 137
29 138
29 143
29 44
29 148
29 190
29 47
29 208
29 209
29 153
29 154
29 155
29 156
29 239
29 212
29 50
29 157
29 214
29 53
29 54
29 55
29 216
29 164
29 219
29 56
29 57
29 59
29 61
29 168
29 62
29 64
29 170
29 65
29 68
29 221
29 222
29 173
29 69
29 174
29 193
29 175
29 72
29 76
29 77
29 78
29 194
29 178
29 80
31 34
31 37
31 41
31 55
31 65
31 69
31 70
6 32
32 92
10 32
30 32
31 32
32 86
32 40
32 41
32 93
32 87
32 88
32 50
32 56
32 59
32 90
32 70
32 78
33 96
6 33
33 104
10 33
33 184
12 33
33 186
33 111
33 114
33 226
33 201
33 203
33 187
33 125
33 188
33 127
33 189
33 128
33 134
33 35
33 37
33 38
33 39
33 206
33 42
33 140
33 142
33 143
33 43
33 145
33 146
33 46
33 93
33 190
33 151
33 152
33 88
33 208
33 48
33 156
33 230
33 49
33 157
33 214
33 159
33 51
33 53
33 55
33 233
33 164
33 219
33 165
33 166
33 59
33 60
33 167
33 168
33 62
33 65
33 173
33 223
33 176
33 74
33 75
33 76
33 80
10 34
30 34
34 36
34 37
34 86
34 41
34 93
34 50
34 51
34 59
34 67
34 69
34 78
10 134
35 134
44 134
51 134
89 134
59 134
68 134
69 134
70 134
35 95
35 98
35 92
35 197
35 104
35 106
35 184
12 35
35 186
35 111
35 200
35 114
35 116
35 201
35 241
35 203
35 187
35 123
35 125
35 128
35 130
31 35
35 133
35 36
35 39
35 137
35 138
35 139
35 42
35 46
35 93
35 207
35 150
35 190
35 87
35 88
35 191
35 153
35 156
35 211
35 212
35 213
35 50
35 158
35 159
35 52
35 180
35 54
35 55
35 216
35 192
35 59
35 60
35 63
35 234
35 64
35 220
35 90
35 68
35 222
35 173
35 69
35 70
35 71
35 193
35 176
35 74
35 76
35 78
35 178
35 80
37 97
37 106
37 186
37 114
37 201
37 123
37 130
30 37
37 38
37 40
37 138
37 139
37 42
37 140
37 142
37 143
37 144
37 145
37 146
37 45
37 46
37 190
37 87
37 48
37 154
37 155
37 50
37 157
37 53
37 231
37 55
37 218
37 165
37 57
37 234
37 64
37 67
37 172
37 174
37 70
37 71
37 176
37 75
37 242
37 77
36 95
36 97
36 99
36 181
10 36
36 106
36 84
36 107
36 109
36 114
36 115
36 187
36 121
36 123
36 127
36 128
36 135
36 39
36 86
36 40
36 41
36 138
36 139
36 140
36 142
36 144
36 45
36 148
36 150
36 190
36 87
36 88
36 48
36 154
36 155
36 49
36 157
36 214
36 52
36 55
36 160
36 216
36 163
36 56
36 166
36 59
36 61
36 167
36 62
36 63
36 170
36 90
36 67
36 70
36 193
36 175
36 74
36 76
36 78
36 178
36 80
51 188
86 95
86 96
86 97
86 94
86 98
10 86
86 106
86 184
86 186
86 110
86 111
86 226
86 201
86 121
86 122
86 123
86 189
86 128
31 86
38 86
86 135
40 86
41 86
86 137
86 206
86 139
42 86
86 140
86 141
86 142
86 143
43 86
86 144
46 86
86 93
86 207
86 150
86 190
86 87
86 152
86 88
47 86
86 179
86 209
48 86
86 212
50 86
86 159
86 89
54 86
86 162
86 218
86 219
86 165
86 166
61 86
86 169
86 220
86 170
65 86
66 86
86 90
67 86
86 221
86 222
86 174
70 86
71 86
86 175
72 86
86 176
75 86
86 242
76 86
79 86
86 178
6 40
40 99
40 104
40 106
40 107
40 186
40 110
40 114
40 122
40 129
30 40
31 40
40 135
39 40
40 138
40 140
40 142
40 46
40 149
40 150
40 190
40 87
40 48
40 155
40 49
40 50
40 52
40 89
40 54
40 164
40 57
40 61
40 167
40 63
40 90
40 174
40 70
40 71
40 72
40 176
40 73
40 74
40 75
40 78
40 178
40 195
40 80
1 136
10 136
12 136
44 136
50 136
68 136
69 136
1 138
6 138
31 138
41 138
43 138
44 138
93 138
50 138
56 138
67 138
68 138
69 138
70 138
78 138
41 96
6 41
41 243
10 41
41 106
41 199
41 109
41 114
41 203
41 187
41 121
41 123
41 125
41 128
41 130
41 131
41 133
38 41
41 135
41 136
41 206
41 42
41 43
41 45
41 46
41 93
41 148
41 149
41 190
41 87
41 151
41 47
41 179
41 208
41 48
41 153
41 50
41 157
41 158
41 215
41 53
41 231
41 55
41 216
41 163
41 233
41 164
41 219
41 165
41 61
41 167
41 168
41 169
41 65
41 90
41 221
41 222
41 69
41 193
41 75
41 237
41 242
41 79
41 178
41 195
10 42
12 42
30 42
31 42
42 43
42 51
42 180
42 59
42 67
42 68
42 71
42 78
1 140
6 140
30 140
43 140
87 140
88 140
50 140
51 140
140 180
67 140
68 140
70 140
78 140
6 142
10 142
12 142
30 142
31 142
43 142
51 142
56 142
59 142
70 142
71 142
78 142
43 196
43 95
43 198
43 104
43 184
43 199
43 200
43 116
43 226
43 119
43 202
43 204
43 121
43 128
43 205
43 131
31 43
43 133
38 43
39 43
43 206
43 44
43 145
43 146
43 147
43 148
43 149
43 190
43 151
43 152
43 191
43 48
43 155
43 239
43 211
43 213
43 50
43 159
43 51
43 52
43 53
43 180
43 160
43 162
43 233
43 57
43 59
43 61
43 167
43 168
43 169
43 234
43 170
43 171
43 67
43 68
43 172
43 221
43 69
43 174
43 70
43 71
43 193
43 223
43 75
43 76
43 78
43 194
43 224
43 79
43 195
44 98
6 44
44 99
12 44
44 241
44 122
44 144
44 147
44 45
44 148
44 190
44 88
44 153
44 49
44 50
44 157
44 158
44 159
44 51
44 89
44 54
44 163
44 56
44 166
44 60
44 61
44 167
44 63
44 171
44 65
44 67
44 68
44 69
44 175
44 75
44 195
1 144
30 144
50 144
89 144
90 144
68 144
6 145
10 145
30 145
31 145
87 145
88 145
89 145
56 145
59 145
90 145
68 145
69 145
78 145
12 146
22 146
30 146
87 146
88 146
50 146
51 146
146 180
56 146
59 146
69 146
70 146
1 147
6 147
31 147
93 147
87 147
51 147
56 147
59 147
68 147
70 147
6 45
45 92
12 45
31 45
45 93
45 88
45 50
45 51
45 89
45 59
45 90
45 68
45 69
45 70
45 78
1 93
81 93
93 96
93 97
92 93
93 103
93 198
93 114
30 93
38 93
93 136
93 206
93 141
93 142
93 144
93 146
93 190
88 93
47 93
93 154
93 155
50 93
93 158
93 159
51 93
93 231
54 93
93 161
93 162
56 93
93 165
57 93
93 166
59 93
61 93
93 167
62 93
93 171
65 93
66 93
67 93
93 221
93 173
69 93
70 93
93 176
93 177
93 178
1 149
84 149
12 149
22 149
30 149
37 149
86 149
93 149
87 149
88 149
51 149
149 180
89 149
68 149
69 149
70 149
71 149
1 150
92 150
30 150
51 150
89 150
59 150
90 150
67 150
68 150
69 150
70 150
83 190
10 190
12 190
31 190
87 190
88 190
50 190
51 190
89 190
59 190
68 190
10 95
10 102
10 103
10 198
10 104
10 185
10 12
10 199
10 109
10 111
10 201
10 119
10 203
10 121
10 188
10 128
10 130
10 131
10 132
10 30
10 39
10 143
10 146
10 148
10 208
10 153
10 154
10 155
10 239
10 240
10 212
10 50
10 157
10 158
10 159
10 180
10 89
10 216
10 162
10 163
10 165
10 166
10 61
10 170
10 171
10 65
10 66
10 90
10 67
10 221
10 173
10 69
10 174
10 71
10 193
10 175
10 72
10 176
10 73
10 75
10 77
10 194
10 195
10 80
12 151
22 151
31 151
88 151
51 151
151 180
56 151
59 151
69 151
70 151
71 151
1 88
88 95
88 96
88 98
88 103
12 88
88 110
88 201
88 187
88 188
88 127
88 189
88 130
30 88
88 133
88 134
38 88
88 135
39 88
88 139
46 88
88 148
88 207
88 191
88 208
88 153
88 154
88 155
88 210
88 156
49 88
88 240
88 158
88 215
52 88
53 88
88 89
55 88
88 233
88 164
56 88
88 192
88 166
61 88
88 167
88 168
62 88
64 88
88 171
65 88
88 90
88 172
69 88
72 88
88 176
74 88
75 88
77 88
78 88
88 178
80 88
6 47
47 92
12 47
47 51
47 89
47 90
47 67
47 69
47 71
47 78
48 92
30 48
31 48
48 50
48 180
48 59
48 90
48 68
48 69
48 78
2 153
30 153
89 153
56 153
69 153
1 154
6 154
92 154
12 154
50 154
51 154
89 154
56 154
90 154
68 154
70 154
51 155
89 155
56 155
59 155
70 155
78 155
12 49
49 180
49 56
49 90
49 67
49 68
49 69
6 87
87 103
87 114
87 201
87 187
87 123
87 130
31 87
87 133
87 134
39 87
87 206
87 143
87 148
87 158
51 87
54 87
55 87
87 160
56 87
87 165
57 87
87 166
87 167
62 87
87 169
64 87
65 87
66 87
87 90
67 87
68 87
87 172
87 173
87 176
76 87
77 87
87 178
87 195
80 87
6 46
12 46
46 56
46 59
46 67
46 68
46 71
50 92
50 197
50 104
50 199
50 235
50 109
50 111
50 200
50 226
50 202
50 204
50 123
50 125
50 188
50 127
50 189
50 130
50 131
50 133
38 50
39 50
50 137
50 206
50 139
50 207
50 191
50 179
50 211
50 213
50 214
50 158
50 51
50 215
50 52
50 180
50 55
50 216
50 162
50 163
50 164
50 168
50 63
50 220
50 170
50 65
50 66
50 68
50 221
50 222
50 69
50 174
50 223
50 175
50 176
50 74
50 77
6 213
84 213
12 213
40 213
93 213
51 213
59 213
2 157
6 157
51 157
89 157
56 157
68 157
70 157
1 158
31 158
56 158
59 158
69 158
92 159
30 159
31 159
159 180
89 159
56 159
90 159
69 159
70 159
51 95
51 198
51 199
51 109
51 110
51 200
51 114
51 116
51 226
51 203
51 204
51 187
51 121
51 125
51 127
51 133
38 51
51 137
51 206
51 143
51 148
51 228
51 179
51 208
51 230
51 225
51 212
51 214
51 215
51 53
51 231
51 180
51 89
51 160
51 216
51 162
51 163
51 218
51 164
51 219
51 165
51 166
51 60
51 61
51 167
51 62
51 169
51 63
51 170
51 171
51 68
51 172
51 222
51 69
51 174
51 71
51 193
51 223
51 175
51 72
51 74
51 75
51 76
51 77
51 224
51 79
12 52
30 52
52 180
52 89
52 56
52 59
52 67
52 69
6 53
12 53
30 53
31 53
53 68
53 70
53 71
1 89
89 97
6 89
89 92
89 106
12 89
89 109
89 201
89 187
89 130
30 89
89 133
39 89
89 206
89 139
89 143
89 148
89 212
55 89
89 160
89 233
56 89
89 192
89 166
59 89
89 167
62 89
89 169
65 89
66 89
89 90
89 172
89 174
89 175
74 89
75 89
76 89
89 194
89 195
80 89
39 92
31 39
39 180
39 56
39 59
39 90
39 67
39 68
39 69
39 70
39 78
6 148
12 148
56 148
68 148
70 148
6 54
54 92
30 54
31 54
54 59
54 67
54 68
54 70
6 55
55 92
30 55
55 90
55 69
55 70
55 78
6 160
10 160
84 160
30 160
31 160
56 160
59 160
90 160
67 160
70 160
1 162
84 162
22 162
37 162
89 162
56 162
59 162
69 162
78 162
37 233
59 233
1 218
83 218
12 218
22 218
180 218
69 218
6 79
12 79
79 93
56 79
59 79
68 79
70 79
37 219
180 219
56 219
68 219
70 219
56 98
6 56
56 104
56 186
56 116
56 226
56 187
56 189
56 128
56 130
30 56
56 133
38 56
56 137
56 206
56 139
56 191
56 209
56 212
56 216
56 165
56 57
56 192
56 166
56 59
56 60
56 61
56 167
56 168
56 62
56 169
56 234
56 64
56 171
56 66
56 67
56 68
56 222
56 173
56 174
56 70
56 71
56 74
56 77
56 78
56 195
56 80
1 165
22 165
30 165
31 165
165 180
59 165
90 165
69 165
70 165
30 57
31 57
57 90
57 69
57 70
6 192
84 192
12 192
31 192
37 192
30 166
59 166
68 166
59 98
59 92
59 197
59 104
59 106
12 59
59 186
59 199
59 109
59 110
59 111
59 200
59 116
59 119
59 241
59 204
59 121
59 125
59 127
59 130
38 59
59 206
59 139
59 191
59 179
59 208
59 225
59 211
59 214
59 163
59 164
59 234
59 64
59 66
59 90
59 67
59 172
59 173
59 69
59 70
59 71
59 175
59 72
59 75
59 76
59 78
59 194
59 224
59 178
59 195
6 60
12 60
31 60
60 67
6 167
167 180
90 167
68 167
70 167
71 167
6 198
37 198
180 198
68 198
69 198
6 62
12 62
62 180
62 90
62 68
62 69
62 70
62 71
62 78
12 63
30 63
63 90
63 70
12 92
12 104
12 105
12 106
12 109
12 110
12 116
12 203
12 128
12 130
12 131
12 30
12 31
12 133
12 135
12 206
12 179
12 209
12 156
12 216
12 163
12 164
12 219
12 168
12 64
12 170
12 67
12 68
12 172
12 69
12 174
12 70
12 175
12 72
12 75
12 77
12 194
12 178
12 195
10 123
12 123
31 123
33 123
51 123
58 123
68 123
69 123
37 170
68 170
70 170
6 65
65 180
65 90
65 67
65 68
65 69
6 66
66 92
66 90
66 67
66 68
66 69
66 71
66 78
1 176
6 176
31 176
67 176
69 176
71 176
78 176
68 92
68 243
68 197
68 199
68 235
68 110
68 111
68 200
68 114
68 226
68 201
68 241
68 202
68 203
68 204
68 187
68 130
31 68
68 137
68 143
68 191
68 179
68 208
68 211
68 214
68 215
68 231
68 180
68 217
68 168
68 169
64 68
68 90
68 222
68 173
68 69
68 174
68 70
68 193
68 223
68 175
68 75
68 76
68 77
68 78
68 194
68 224
68 178
6 172
69 172
70 172
1 174
6 174
90 174
69 174
70 98
70 243
70 197
70 104
70 186
70 110
70 111
70 200
70 116
70 226
70 119
70 241
70 203
70 204
70 189
70 131
70 133
38 70
70 206
70 139
70 143
70 152
70 191
70 179
70 240
70 211
70 212
70 215
70 231
70 216
70 163
61 70
70 168
70 169
70 234
70 171
70 90
70 221
70 173
70 223
70 72
70 74
70 78
70 194
70 224
70 178
70 195
6 175
31 175
90 175
69 175
78 175
6 72
30 72
31 72
69 72
71 72
69 96
69 97
69 92
69 104
69 184
69 186
69 109
69 110
69 200
69 114
69 116
69 119
69 203
69 121
69 125
69 127
69 128
38 69
69 135
69 206
69 139
69 207
69 191
69 179
69 230
69 240
69 212
69 180
69 232
69 168
69 234
69 171
69 90
67 69
69 221
69 173
69 74
69 77
69 78
69 194
69 80
74 92
30 74
31 74
74 180
74 90
67 74
74 78
30 75
31 75
75 90
75 78
6 77
30 77
31 77
77 90
67 77
71 77
77 78
6 76
30 76
31 76
76 180
76 78
6 61
61 180
61 78
6 169
90 169
